10000
8812 7748 711
7428 5058 9216
4761 8131 7559
8868 1518 8658
815 6853 1977
128 6379 1229
993 27 1065
3954 5305 6231
3981 3477 1791
7109 1523 5058
395 335 2806
1107 4115 4216
323 5228 8700
4234 4096 218
9244 4912 7071
1222 1392 9803
8803 2385 9830
6220 2691 1487
8803 3024 4964
594 6485 2839
5652 6881 3174
4810 7988 3641
9027 4663 8870
7727 5249 9318
7945 4493 4230
1369 2067 1974
1172 870 712
7354 3443 9755
8842 2246 2780
158 2841 9265
2998 4845 6146
2524 9656 486
6166 5035 5149
5036 9114 398
706 3411 1244
4937 1132 3311
3263 2304 4182
3975 6011 7625
83 4853 6223
2863 1363 5416
8480 4361 262
979 3238 6270
1465 5756 7657
2967 792 3123
9717 1498 2886
961 2787 4019
4273 2403 2675
4807 2730 8686
8784 2813 9891
5007 5676 1255
424 509 1968
7038 1488 5206
3308 2953 962
7317 5920 8106
440 1990 5957
3326 2951 5096
7345 3576 7499
6373 8383 230
5059 7167 3043
4951 8527 5072
6206 8951 5581
4526 2341 7069
9733 5649 6374
7047 9318 8647
1506 9758 637
3815 9436 3588
8911 3134 7165
2763 9507 1900
9345 918 5420
8740 5869 3947
164 8427 9250
2097 2954 1591
9166 9039 3592
1893 2438 2910
6892 3944 9020
7529 7759 4808
7469 3023 4294
986 2138 153
2887 1483 1072
4659 6575 6941
4958 6740 1721
4208 8837 1027
2151 4356 66
5743 6249 8856
5005 3141 9153
377 7022 6912
1537 4491 6287
5832 1830 8425
5985 4717 6260
3409 5728 2836
6703 686 5928
8424 4894 4765
9451 3397 9121
5869 9140 1722
1077 497 1215
230 7226 4589
3495 5115 5433
9782 947 7263
4560 3285 1980
7172 6694 4060
6360 3397 4746
2288 8173 9640
7054 3976 3037
2527 9845 8529
602 923 5378
8169 1153 8956
2759 4648 4071
4544 783 1371
1807 1695 4656
139 8867 7702
4199 5228 7452
8945 7516 5625
4937 922 9602
7974 9802 5799
2855 6756 3074
4585 4925 580
3541 4036 1580
7612 8580 8715
8983 387 410
9991 526 5630
4046 4725 858
1498 22 4726
3475 4959 5649
9429 9285 1803
5229 2140 8559
4655 3077 3484
1587 6618 3873
3168 583 8805
1883 5918 9193
8646 2262 6071
4276 6308 7149
1486 4158 7171
6212 7633 2131
8213 7063 1416
16 8644 9909
8575 3299 2986
8412 4887 5957
8637 4407 2892
7442 2642 5162
2987 1288 7424
9059 1916 84
2560 3402 4242
9731 9615 1876
8214 7828 5291
5983 4197 3935
5892 9124 3586
5230 7536 4825
7539 2525 9232
6783 9968 1875
1946 2955 9515
5722 8366 1432
5807 7278 1186
6401 7010 801
4629 1576 4982
9920 7559 9179
207 9803 8303
3794 1386 2192
4971 8925 4717
4204 2061 1037
2431 4007 345
8298 9729 5063
6082 1888 2342
7269 8290 9352
8070 2919 7280
9404 9192 4840
4935 5751 995
3239 9545 2381
1783 869 7659
2852 5073 9720
3890 3856 3727
587 2154 9808
5650 8237 8049
7992 5506 6339
3696 9928 5610
977 5685 1154
2169 620 6906
3164 211 2803
5546 1994 3672
3205 4847 5097
9277 5089 8953
3004 5676 1108
9164 1326 5697
7213 5671 7555
9904 9367 3835
1867 344 9520
3021 8865 141
6279 2030 352
9083 3928 8699
9107 3485 9898
4205 2762 1339
9510 5766 7015
6970 1282 4693
2667 8496 6716
6574 4752 6084
410 6619 2780
6282 9641 1646
2775 2272 28
9480 7707 3956
8179 6815 7441
4429 7372 203
5768 6882 2321
2783 3853 3603
3828 2872 8451
545 9447 3204
2981 6209 9823
5761 2491 5816
3759 1619 4441
3787 1099 2148
7743 5630 8963
1536 59 2687
1739 5827 9570
412 4962 3423
4016 5142 2647
8819 2039 2094
2023 5020 4655
8199 7134 7147
367 893 5118
4808 1033 6217
3309 5128 1847
8624 6665 8258
1312 4756 4085
882 5169 5399
657 9185 541
9656 8004 2581
1751 6380 3953
6406 931 1087
9905 1298 1981
5023 2459 3014
7592 5768 8142
5791 744 1159
4049 2056 5916
4486 9290 1085
9885 6299 270
6779 5956 4626
9360 7707 7358
9665 465 8289
753 6723 5940
2734 8098 8399
2100 2043 519
6594 7834 1263
7754 8236 9672
22 2722 8962
1107 8960 5262
7729 5739 1218
2355 1451 5277
6066 1116 2094
4355 1869 5169
295 955 3268
5046 9407 1663
1917 6002 9497
9533 108 7733
9205 130 6808
4519 7589 5768
6133 5318 7859
3703 4025 9310
8980 91 426
7427 799 8648
2596 7446 9603
2216 2493 5363
3879 762 7717
9729 295 4177
3814 5852 659
622 372 8248
2742 2857 9918
601 6561 3943
6263 5541 387
3042 9320 1186
1690 1917 8632
7645 485 7477
3008 717 8240
7077 446 4887
1254 4260 7092
1913 1235 7464
161 329 321
79 7283 3234
375 3546 8776
762 6588 4448
8300 4630 2717
3284 8628 3203
7114 7988 3920
1706 5066 718
6593 6320 1330
37 8234 8917
7501 4747 9247
4175 1179 6530
7409 1554 6428
2537 8668 9369
3338 3320 351
6055 6604 8979
9258 70 6968
9530 1776 8386
248 4722 4706
1579 4759 9292
496 8613 4040
6095 9140 5219
8977 2901 3125
5406 1791 1793
1127 5129 5113
1478 1184 8069
458 443 8140
3778 6325 9916
2164 6574 990
6870 4505 5750
2515 1353 4363
6555 7449 3503
8126 2778 6404
1251 8184 4547
9396 9311 9676
4509 790 861
8930 7600 7656
7070 1378 3981
3339 3542 6907
4329 6764 7764
79 9279 9118
794 2186 2919
649 312 5697
3406 7915 234
7953 7311 5897
7630 8172 3039
8491 7103 639
2499 525 8369
6480 3864 8263
9740 4546 1380
7504 977 7011
2974 1772 9198
2245 8773 5862
4295 2179 3778
881 133 7441
6778 7763 5614
9818 2606 9069
6809 5105 9594
1531 7937 9811
9794 4029 4357
1174 7886 1686
4538 7212 9810
3736 5810 8584
9598 105 763
9728 986 7248
7170 4116 1363
9136 286 321
8205 7096 5426
7799 4979 9716
3962 4773 97
4671 2300 7983
6358 6838 5196
6168 6926 1006
1104 2876 7463
8220 2605 4801
5468 6127 8917
3184 5263 5556
3505 3468 2652
5284 7619 7631
1352 1582 8756
1449 6253 7408
9433 8963 598
981 1484 7524
8339 2588 401
2154 7160 9358
6955 8981 5485
2224 2165 748
7780 5670 568
6784 954 8187
767 8658 6121
5876 108 2375
3284 5893 7690
3883 3226 9174
7759 7917 1763
8160 71 8923
7518 3378 7904
9355 1954 6421
103 6087 2092
7023 9223 9398
1563 9991 8057
7684 5867 4517
6411 5503 410
4102 5738 3636
3276 3498 7905
1391 1658 7976
6667 5529 7706
923 4884 9660
7345 1340 5747
5789 8363 4971
1539 9926 1314
5948 3963 3533
465 374 5388
7227 828 1127
7215 457 4625
5120 1848 6283
3096 8515 8164
7154 9439 3049
6815 3136 4389
8914 8925 9104
237 464 5383
7903 6413 5698
1436 3230 2424
6825 458 3253
4304 7673 3710
8929 9146 5558
1564 8594 426
9729 5749 6217
2778 2564 9353
3519 7830 8278
8975 8068 5094
4358 2323 7859
6408 112 1090
8833 3289 7900
2086 7593 5573
2148 6522 1071
4058 8086 9666
4484 4167 5415
7053 3297 4331
6406 6816 2161
1036 2144 6581
2483 2854 8905
342 9263 5369
7784 8096 8658
5684 6534 6251
7610 8682 2773
8681 9092 7211
8347 9929 1379
3762 6982 4676
4445 3389 7845
6607 777 6341
9540 3260 9195
4797 9955 8458
166 7739 2906
8824 3424 9440
5075 1034 4474
4200 6067 3567
7764 4415 3496
5495 4529 6830
6523 5327 219
720 1934 7349
7061 7826 609
6257 2624 564
1067 2790 8304
3974 7967 8080
9766 9394 5466
593 3595 1533
4160 7711 2300
4008 3206 3182
838 6081 8509
7410 6802 6795
4759 3863 973
1720 6472 3597
8637 7540 2740
3293 7866 707
1373 7632 6453
3191 8225 6400
4724 8737 4111
3377 2745 3669
2911 9936 9751
7772 7346 6553
4567 8457 416
5540 177 6889
5490 5166 781
4582 8459 8647
1641 6184 2631
8094 9375 7209
4495 452 5946
8606 3829 5044
2276 3092 4980
2027 864 8678
4932 1783 3487
1700 3675 16
4941 9165 5183
5722 3747 3642
721 1740 9827
3353 9835 5554
562 4330 6006
2860 9288 6187
7904 7916 9279
9236 6295 143
4266 1227 1926
7753 2928 1954
7770 7869 1119
2953 9944 1219
2947 665 2959
9126 370 9146
4681 7284 3476
687 145 9117
6875 4401 7033
2506 9990 3329
2650 4256 908
928 8362 188
2882 6132 4410
354 5437 4354
1573 8384 1371
884 3863 8094
31 8544 5378
9859 9231 1875
8976 2458 2629
2362 4965 2619
2043 3967 3227
9303 4895 1589
9492 4130 4073
3902 4484 9510
8256 2409 4247
5979 9645 8110
4073 6028 6654
5804 5888 2237
4031 1216 4696
6660 9930 6013
5631 1973 9980
8859 1277 4875
6800 7121 5357
874 1023 9841
6736 5631 8602
983 1610 8248
5445 2036 4276
8451 4192 6516
689 8223 4085
1737 1236 4015
7750 6867 2341
7730 5726 9970
8957 2527 7091
4315 9753 4466
508 6489 97
9111 3825 8059
3711 9270 6447
4339 7722 639
7208 4763 8863
1293 2852 99
1660 602 3318
353 4684 5397
323 3641 4276
3766 4308 4029
8232 4817 518
8329 280 4343
2741 343 9966
9188 1034 4040
6180 8242 5155
5043 5887 8007
1494 3900 4961
1164 4253 9645
6561 4577 9638
837 4695 299
1218 2928 1468
1737 7609 1748
2432 350 8443
8750 5891 9477
2790 2071 4072
7945 3466 6311
2304 1312 211
7265 2476 4465
3262 9038 5394
9253 6227 89
9552 7446 3017
1020 5535 627
9120 7967 7329
7563 3070 3220
3392 2212 5291
7464 6510 5109
3776 8814 6421
339 2432 8898
4804 5694 4288
6550 1299 515
6640 851 7961
6009 8223 3496
2988 3695 7816
318 1258 7238
9890 1003 9450
1534 4819 5960
6643 4947 4775
3065 5287 3559
8315 6443 9253
2603 2994 553
3118 9634 7756
7432 5643 2332
7280 8632 6027
1448 5302 3638
8686 5192 4641
8137 3078 5812
449 9722 760
1576 9139 2399
5135 7454 8842
741 57 1836
7646 9527 7822
5402 6959 9818
4086 4240 4802
114 2040 104
104 727 1648
1097 5216 4727
6909 2017 801
4021 3594 9940
6420 8729 3746
1615 9470 3803
3451 7116 3330
7626 8871 6642
7444 2957 7234
2246 9423 9274
8702 9527 6353
350 624 1569
1429 3886 3587
2230 7907 3533
8522 4328 2262
2268 5943 8085
2423 5746 1553
2106 9724 424
5100 7168 9734
2334 5766 9157
1608 4468 5037
7962 1171 2013
5883 2600 5899
5822 1183 159
9355 9705 839
1618 8326 6782
6055 7101 8880
7608 5559 8605
8033 659 2125
4119 2993 7892
9628 954 8712
4665 8916 9883
6679 1151 8836
8930 6974 19
9089 6329 6076
9928 4299 754
3062 6706 7856
8295 4315 9767
3252 8700 427
5377 2819 9772
9621 2447 726
4686 3465 5994
921 6496 7146
9757 5426 472
9776 868 3153
5853 7148 3805
6607 211 511
815 4858 4826
583 8110 3526
7362 9839 6345
7134 5813 5145
4213 6851 8610
207 7772 5106
3705 7530 6884
4177 7306 7752
7331 9511 4901
1136 2471 1464
1647 9638 6322
2826 6573 784
6352 3935 623
9050 7422 2788
547 1635 9639
9157 1842 7412
615 5548 4942
3851 6077 8600
1604 9760 4464
2857 7248 6935
673 8896 2925
6995 1722 9499
7779 4426 9786
4754 9828 7208
3895 375 8843
3534 5884 7038
946 6499 8938
2240 351 1367
7193 8307 1128
1657 7516 8376
4944 8189 3624
7869 5184 1698
7368 9315 6125
7155 421 5953
715 4316 2681
5911 7851 8565
9301 5149 1417
8239 3742 8120
9606 935 6427
7086 2592 3943
5463 7536 8484
5439 1757 3668
7138 5478 9335
9615 8985 6108
1920 9700 425
4601 5611 4628
3167 4912 6129
936 9503 9871
9056 5462 806
1835 2548 9750
2130 4363 3638
614 9803 5396
634 3293 874
6321 2908 9859
2429 4828 5911
9206 9430 7875
3834 8949 2787
9964 9885 8643
6187 5293 4105
6994 7128 3005
3096 9258 3721
6735 6224 9876
8483 6858 3169
5709 3179 2429
5568 1960 7257
7831 1167 3039
5706 5001 1988
4846 1317 8225
3489 7505 9870
3946 851 6998
6951 299 2608
7024 3386 5184
6900 1869 2042
69 7578 1573
2498 9498 3534
6108 7330 4701
9147 3036 6054
7488 7882 7372
2065 7723 1229
1936 1669 8432
8934 4973 5083
7895 1997 8470
3079 8898 339
1474 5319 4270
9399 4170 3768
2933 278 7450
3986 5777 6839
41 3265 1073
3765 5331 8797
1346 7267 466
6130 2553 1791
1213 6800 3789
9683 6232 2687
6375 7706 8006
645 3457 8528
765 2743 8806
8216 6729 4584
5055 3122 4201
6128 3239 9532
1277 937 3151
8096 3419 2057
9887 4633 8857
3676 668 5089
6363 3395 9147
722 4040 2605
9250 4806 5348
4409 9374 8429
5345 4429 7904
9546 6909 1143
5431 8187 8433
8582 6283 1852
639 2522 2837
5849 6199 9858
938 8914 3253
6438 5988 3646
9043 5239 4804
743 6000 4178
9172 1345 4959
7076 7243 1868
4572 2674 6407
9357 7609 2690
7561 4600 1565
6751 449 7764
6609 7740 3030
6214 4178 9019
6212 3221 610
1016 3964 6610
1546 9488 4307
6505 2917 1550
8374 3841 4225
4781 9550 8186
3824 7111 2786
5389 3862 3236
9505 6823 7328
2535 3038 1506
7906 5602 1079
8516 6619 5043
1478 8165 883
5785 1023 152
7336 9397 3993
7913 530 3543
6099 4354 655
5237 6095 869
8473 5600 7693
2153 4488 7083
3659 2394 2685
4738 7263 5656
6133 8741 174
7017 4527 1197
7169 8215 6946
7515 2480 7476
7410 8579 1831
4417 168 7926
5287 8642 9879
9332 795 4367
2767 807 3113
1804 5545 376
7461 1679 9118
3987 5048 9997
1536 8569 4564
8482 6084 7044
5958 9847 1975
4141 4264 2143
8420 9551 7137
8299 5235 4285
9018 8002 5092
8483 9807 6989
8860 3620 8668
4330 7607 68
679 5495 8638
5243 3977 1074
8639 6287 921
614 6781 5186
9109 5201 1089
6247 9852 6325
532 5222 4327
1976 3705 4134
8965 2565 7754
3986 3247 1713
4054 3926 7208
9044 9169 7537
6471 4160 3825
3744 4774 606
5282 3884 2159
6372 6483 2011
9049 3367 7233
3376 5343 938
3863 660 9856
7969 4646 3103
9683 5053 7030
3243 449 2551
781 6920 6712
958 7017 7838
1564 2299 1722
3723 8671 4557
2086 4072 7924
9319 3801 3267
6609 7664 3928
6465 1985 4926
5921 8020 6331
9303 1264 6781
1854 8397 53
4918 9355 7070
2757 7271 9370
831 994 4393
5389 9432 4818
9665 8751 8619
2933 1712 2635
3213 4530 4620
4491 451 8993
823 9754 6609
3956 1608 5006
361 2879 713
7432 1988 7984
3154 9171 5330
3899 912 4762
8717 578 9865
3688 9863 1577
6323 3076 6107
7296 3919 6558
6289 1094 2664
2898 5050 625
4256 5412 3504
4969 9196 5492
2953 2350 1015
4635 2601 1928
9397 1319 2506
5614 5007 2369
7191 7683 1797
9651 4979 5716
2561 7620 3163
5226 6870 8213
5851 1126 9977
5707 2447 9173
7551 1752 7875
8566 6387 477
494 2136 8148
9352 7750 9507
8073 4941 7190
9870 944 8521
1939 9858 6141
5102 5084 3011
9667 7287 489
9645 9346 9288
8818 6897 1040
6694 1815 3779
3523 8662 5915
1671 8014 3665
1178 6088 8607
8369 2310 5903
6890 4249 5761
9384 5703 7197
8747 5371 836
5589 1368 182
4877 186 3431
5918 3232 5247
9697 6755 261
1965 8426 8275
5630 9605 715
589 4326 3026
6493 7568 3627
8606 6952 5683
5804 2052 7406
6640 7641 8774
3175 2518 8960
2958 4788 8545
4557 838 5300
4818 2803 79
9446 8433 6036
161 9023 362
9539 1868 4282
9519 474 7587
5202 2630 9639
2608 5623 7280
1382 8798 6150
6694 1756 939
5239 2666 8129
6892 7484 932
6971 6930 5717
3007 3444 1092
9721 9335 9312
4003 8854 9787
1590 408 8769
7581 3016 4392
1213 750 9542
7364 7445 7651
4655 9036 317
2784 5928 7801
68 2899 1084
2137 2258 4528
3230 1979 3863
2542 5983 9070
8681 3925 9478
7451 1507 2495
1843 2720 9597
1386 6436 3394
5389 1091 2431
5706 227 4711
9859 6647 3963
943 8785 6221
1823 2015 4553
2039 909 536
1109 9591 813
587 7042 2320
9434 5237 1393
5384 2975 4181
8778 8364 1625
7561 422 1852
2273 282 4852
2588 1225 3637
8809 9401 2004
9714 1440 2913
250 8901 2504
7416 9488 5898
6088 5275 7488
7481 659 463
8015 5789 5180
9640 3351 5602
7844 1976 2236
2696 916 3462
6333 6077 9215
8337 5792 655
7603 6042 9556
107 9810 5396
2358 5899 7023
6198 9732 4034
6661 7747 9824
8193 7387 9527
148 1584 7855
2384 4280 8771
2198 6966 4848
1413 5303 640
8420 2906 3035
7976 9366 2845
9725 8076 5096
6748 4274 4829
783 7287 2576
6959 1833 6316
2838 1981 7900
7045 4365 8532
5816 2916 5498
7016 681 802
4009 9102 60
3396 3430 5778
6241 3155 206
7690 6256 4480
2519 3391 8120
1447 350 9953
7763 9540 1934
2015 6585 2651
548 8753 1919
6046 5769 2601
3200 6130 1703
9613 9526 5133
5391 5768 4641
1950 9810 897
6430 2329 4288
4550 3776 990
855 7892 6882
9141 9907 3467
8145 6807 8572
64 9206 4341
2665 2406 472
720 8371 9998
5854 115 2118
495 2065 1928
7744 8495 609
2032 9398 738
9374 6605 8630
6256 5747 4889
6075 3892 8049
4647 3956 7255
8988 2974 6013
5812 3694 4385
2163 9548 4500
633 6395 6565
8914 491 1412
9523 2523 7162
261 8249 3768
5243 4505 9515
6485 580 3407
4534 1579 3715
1789 568 6689
4154 2732 384
8539 1247 6284
3039 1881 9032
5956 7147 9523
7369 3022 8399
4531 9636 6648
4651 4879 7506
4166 1364 4438
3925 2250 6018
7641 391 2938
682 4546 2022
7418 3085 3270
55 2477 1503
9087 8433 5002
4962 2154 8024
3361 3038 7660
6362 7689 8892
220 8208 6608
4658 8485 8859
7028 6126 9250
9966 3161 3796
1989 579 3234
1611 634 5711
9466 6073 496
4468 1036 9003
2492 749 2041
153 7111 6082
5397 7331 642
2005 8342 9128
7216 5370 1606
2819 1689 4767
2967 30 1699
6201 1641 2333
8264 1107 4759
8761 5575 5795
4116 4419 6544
6157 924 8
8591 6321 3691
9234 4679 8385
8362 8247 108
6320 1066 1797
1088 4034 1827
2787 6587 9820
1472 4852 7279
6231 9965 9206
8378 4081 3625
1275 6590 4550
1283 1533 7223
1326 767 8254
9712 5481 6502
9820 1802 7568
7969 9242 7954
6148 8381 4542
5968 9853 5746
9599 2437 2063
8805 7167 2496
8782 8442 5438
9684 6077 6971
3260 7404 4091
1514 3468 5924
8016 9640 4078
5585 7609 3320
9891 109 1701
4433 6077 7907
6531 2028 6696
8594 7185 3863
7442 5967 8658
2880 2004 1087
9852 5264 4843
295 6778 8311
6219 1147 4303
298 3084 1912
9970 2975 2021
8024 3761 4450
5931 292 2830
8979 5239 15
9194 2681 2335
7852 1914 4339
8940 8118 9603
3783 8413 2733
8447 984 3880
2750 1282 6964
1015 7605 6292
9388 5629 53
191 7912 6697
3021 6891 8288
3037 2437 7322
1724 290 9236
6063 5582 7354
2018 5717 5767
4751 516 6751
4984 9619 4386
8300 6986 8343
4592 6374 3972
997 2917 1884
4047 5939 5127
2335 5328 7564
9657 7052 4206
8893 9467 6140
2599 1485 8210
8366 2588 8726
1470 3924 4697
2208 2225 1683
551 3169 8058
875 519 975
2759 4566 3266
4238 6901 4946
1802 2911 1998
2361 8156 7817
8501 756 9302
6711 9122 1891
1790 6944 5815
6487 5504 4392
8171 6055 3914
2581 6930 4433
9908 6041 8999
3175 6631 2252
4473 4786 5163
2824 7147 3320
641 2000 4076
9944 5064 9550
8187 6854 2847
354 9693 8351
1099 4216 4407
5013 6797 7689
9446 3058 83
4797 6233 6714
7049 7058 1500
8565 9882 4999
8237 524 7000
8665 6820 2064
8215 5007 5270
1062 1713 1315
5766 2812 5532
6525 4177 8681
4214 3623 1739
4297 4772 4324
7364 8174 1383
8864 6739 1265
3864 1328 1789
7216 9993 4961
5632 8208 9968
902 5623 8034
2217 1389 846
4101 7914 5024
2783 8480 4999
4522 9130 6124
5199 6494 4298
6582 1710 1037
4199 1926 2365
2341 9142 8710
7302 4774 6918
3623 2028 8893
1657 598 6634
8855 4699 900
231 3834 9381
1583 4709 4863
7707 9908 1357
2005 2842 9419
9394 7041 7698
8111 9382 3192
6821 6685 4319
91 308 6347
8985 1965 3297
5619 7172 4349
6520 7404 8183
2253 8987 9244
7116 6694 9152
4825 5051 1994
596 4445 9036
8294 2556 4770
1487 9377 1455
5806 9468 1763
8505 4805 80
1803 425 7253
6152 3297 1009
687 5550 9996
9932 9018 3042
9084 3843 8093
7431 4439 8890
2819 2734 1446
7589 573 7175
5397 6379 2995
7160 4884 7801
3593 3039 4578
7198 9191 7875
8207 9879 9777
4555 9811 8795
3949 5247 8990
8394 9030 3429
7284 1849 2515
8730 5791 9440
2257 1188 5819
5252 4700 7056
9405 8293 95
3983 1843 5639
8210 6402 1870
4339 7309 8033
9486 1258 3280
8476 9652 2311
8258 6936 512
7125 2018 6303
6566 4275 7491
8737 5880 2192
2145 5285 6837
8593 5621 5033
4232 183 1435
6102 4523 8745
4135 4009 6355
3767 2486 6008
2430 7096 9296
2943 4221 1315
9246 7139 1942
3090 5877 7822
1634 8022 9460
4823 6615 5081
9856 7199 5264
7644 9653 9787
6389 140 149
9096 3908 8987
5104 6338 6083
753 5633 6656
2068 4880 3796
362 7970 6025
8185 9604 399
7645 779 7015
9078 636 566
4342 8280 220
482 1021 360
631 117 620
5970 1574 3311
8405 2327 8944
5061 747 3824
5209 1109 8146
7586 5646 4102
7986 3291 4882
1353 8721 1870
1919 3064 6502
8491 9898 7523
8852 6881 3992
5824 2851 1918
9135 1256 597
8080 2669 1344
8256 4231 8806
6403 1817 4452
6857 6155 4096
1739 7508 2817
9961 5780 5881
6463 4271 2131
338 9475 9012
4331 5300 8215
2601 787 5823
3199 8867 4845
895 7124 9076
9701 9879 7245
4154 6736 3401
8250 4828 7261
1067 4789 3041
3301 1253 3665
5432 7943 9492
797 2274 1144
9012 1228 1932
4836 4427 7151
6033 1674 627
5109 1376 506
2354 5530 3595
2107 132 4775
9369 1199 5916
8762 852 7169
8779 6285 1465
8272 3434 3739
5768 2446 1319
7700 3634 2098
4852 9667 3773
5479 1128 5149
2338 9835 7031
5933 1942 7163
7060 7663 4714
2976 6426 5567
6498 1557 8204
7963 6181 1638
8054 1950 436
9374 9650 423
1472 854 6442
5245 2686 7571
6746 5024 7406
3777 7309 5700
7292 721 3364
2007 3697 6142
7574 195 4051
2130 8158 233
3768 6213 2183
4204 1939 8185
979 9763 5392
7422 1361 8078
4993 8107 9454
8751 1885 3115
4451 9177 3836
4167 7536 7533
6661 1462 7729
713 3592 2239
946 7360 4804
9481 7917 6743
7666 8896 2859
3058 2670 4220
7488 4015 2327
6942 2766 564
6409 3570 6094
245 4089 3630
7779 751 5093
1860 1464 5037
451 8762 2398
5256 8243 6667
8351 2261 1915
1210 1672 4586
1782 9160 8601
4110 2455 7720
1026 8864 7642
7120 9110 1731
7103 3241 2482
8548 1453 298
3585 1904 5412
2335 3512 7
9002 8216 2269
7270 5778 293
8208 7561 9453
3161 8023 8260
881 9049 3477
8523 6170 8939
6607 9625 2180
5441 8173 9985
2092 1758 8241
7504 4094 8106
3864 9448 6322
6133 6718 8452
6426 4926 6013
2231 8088 388
6844 5321 9438
321 197 1960
9260 6804 1585
7792 8597 9758
4129 689 7868
2370 4546 1962
476 8410 1411
3150 895 4481
7955 7321 5760
320 5904 3848
709 9100 5521
147 9421 5718
2107 5033 8874
44 2825 7472
9802 6954 4513
4022 5677 9059
5985 6153 7469
3748 5656 8364
4581 3611 2037
341 283 4294
541 992 3394
6063 7491 9168
8133 9598 4201
7008 9642 7027
832 5796 333
5345 9819 6010
757 2156 8516
4578 2256 524
2943 6837 487
1332 7179 770
1978 7720 1763
5373 135 9254
4541 8269 5205
8742 5277 1199
2121 2461 6996
2455 4158 3167
8465 4915 5323
3333 9494 3931
3857 8789 768
4344 121 4299
5115 8452 8372
6878 3825 8507
2484 4718 6776
7689 3460 8405
8889 1934 7218
2237 4389 1377
1756 9206 6292
3431 2540 2138
7362 6397 927
8130 7094 7401
8782 2209 5853
7154 5439 6030
5661 7923 748
8790 1965 560
3547 7206 2494
766 5795 3235
2143 7551 2442
4787 982 1334
6926 8344 4083
7853 2826 1177
1606 1608 3386
7459 8762 5177
3489 776 9453
589 5918 1418
1150 9465 4976
3644 231 771
6880 8726 8322
5674 3514 5656
7008 440 4000
1091 4645 6826
2269 6252 4787
2007 63 3549
7185 3553 677
6638 4142 2947
4408 1644 2413
9384 5289 8996
155 8521 7723
4829 4195 7589
485 7555 4381
4485 8646 9026
7663 7267 5278
2450 5627 1694
2352 2812 5247
9381 5802 5741
2329 210 7386
1094 9594 9027
90 6101 3900
4165 930 4447
8106 7767 2002
2487 2252 7000
1514 6267 620
3144 5070 6247
4838 3774 9059
6437 3155 1213
8531 5484 1423
2269 6578 7369
7648 3021 3470
1548 3538 752
5995 1645 8519
4349 4132 7123
1349 5646 9742
8321 5143 4812
4568 6333 8586
9979 2771 1742
1192 7654 3578
2615 9923 6509
6336 7571 5882
9806 5471 9420
6910 1466 1065
5429 2167 5198
8904 9868 7196
8647 8190 8691
3459 2758 5025
8398 9090 4148
6492 282 1802
6422 9250 1725
2931 5586 5648
5165 1745 1119
4586 5007 8937
5651 6789 1104
7201 5693 972
4398 4340 9162
3089 4152 8273
8114 2550 3715
8614 5394 3997
416 1816 9599
8493 1100 1538
4141 6265 3283
1612 851 4642
6901 2855 1431
8005 56 7125
5330 806 7817
844 3896 1969
5469 8362 871
9184 3329 2617
3182 3745 4434
2781 2239 5534
671 2732 8151
306 697 9003
4949 7598 1858
6380 1956 8266
3505 7286 9073
7675 8130 9321
5996 3600 4035
6868 2784 7364
5837 2318 1110
271 1452 9701
2157 2123 8785
309 2430 5834
5664 7379 3433
3874 3759 5389
2140 3617 9027
7565 1292 7157
6886 7288 7109
7274 508 9894
990 6346 8564
2100 2969 16
8153 1479 2140
3291 1788 922
9125 3804 8301
8910 7678 8412
651 6170 8381
9678 3736 9673
3188 6974 3314
297 600 174
191 1591 2872
8756 43 2194
5124 4549 3673
7264 7840 1813
4538 3317 5617
2839 2228 9647
7604 9231 5817
5985 8910 5905
2011 2098 9232
5325 2395 9832
1851 8939 1423
4724 4047 1467
6918 5523 6016
591 9140 208
8756 3678 3525
4373 2870 2105
372 474 1337
6189 6459 6599
8447 8470 5049
7679 147 3796
7511 1999 2735
8935 6723 3134
6754 9993 5010
9122 6936 4150
9330 5692 7828
9207 65 698
1313 6789 1172
9002 2978 3984
5601 1425 8806
650 5456 8954
4446 2968 7305
3534 8255 380
3020 1361 373
8030 483 7309
2180 6165 9353
6361 5372 5770
7059 6685 2559
4584 5687 5537
4920 7640 3315
3726 4642 5123
9032 5441 8091
6337 5327 2698
6717 8347 4059
3442 2730 894
7103 1262 7059
6456 3975 2432
2226 7387 5469
4785 1971 7509
6675 3243 1501
6342 6969 6144
1465 2354 1585
5909 8691 3264
8607 1761 7963
9019 1555 693
6265 8659 8308
3325 1467 2283
2109 46 9670
7578 4831 7993
1439 7858 1236
2941 4200 4558
9085 2018 6912
7022 7927 1955
286 2886 68
4601 8257 7976
5295 4523 2987
9955 4200 4454
2238 6309 4500
8261 239 5684
6254 8031 3542
3843 972 4095
8401 6409 6113
1665 9783 392
9972 6421 3278
6393 1022 1536
4369 2669 2411
7356 2624 6611
8162 1215 9272
2663 9476 5863
8347 2082 3894
8241 5925 1218
2336 678 7627
4801 8695 3762
5193 8668 183
4824 1413 7558
6360 5782 227
5123 9490 2852
1734 7652 419
1006 315 9895
3221 5014 1977
3468 9608 4255
4686 1944 4933
8666 3098 3629
2428 8291 8649
8964 3115 6414
6522 5827 2196
3101 950 8038
2305 9036 5690
2724 6394 2358
2619 9616 7372
949 3084 6980
5204 7770 5277
6489 2788 8375
6470 1569 3018
1471 533 2486
7885 3407 8313
6433 6508 5616
4471 8814 4652
162 1538 1047
2520 510 7015
6244 1459 6451
9577 3015 573
1206 9504 3362
9581 5975 4931
8951 7446 1816
1437 5332 5223
6103 1765 8083
1719 6237 6897
2723 2751 4788
122 1623 1650
3489 7867 9461
9940 7444 2476
514 5002 8332
3876 4583 4307
5159 3535 1754
6975 1324 3438
2198 7427 1555
281 5498 4144
3531 8222 6895
4671 4696 8518
6321 8186 2738
2134 8126 6534
4610 8640 1537
2942 8868 6120
3602 4027 6007
1708 1002 7332
5146 9552 1111
3053 9834 6610
7198 9717 4832
4093 4388 5880
8964 7061 4066
1702 5547 2193
8236 157 7185
9773 9451 6054
2246 9405 81
4605 1113 7436
1937 2611 6988
9401 5665 3174
6011 9215 2891
7195 9660 3631
3075 8624 7044
7142 6678 2591
5687 4915 9100
2872 1040 8552
8926 3286 4309
5360 7892 5423
2796 6181 8034
9784 5582 51
2959 7945 9266
5850 5140 5279
5834 4568 3903
2878 1710 582
1822 7397 1849
922 269 2889
5826 5548 2528
136 908 420
1911 3704 2953
6297 3488 4888
6349 2799 2833
1967 5002 7974
7246 836 8894
7502 66 604
4436 1888 4353
6285 9163 974
5526 4989 6522
8054 1477 3782
8474 3388 7486
7780 9686 7327
2668 2387 126
5501 706 5128
9827 7953 2316
8721 1807 2383
5677 6243 623
30 8880 6138
7357 4406 7480
231 2461 8957
4014 935 8698
7852 5067 8384
5179 7735 7123
5306 3237 7829
6786 3064 5782
9103 8138 3941
1486 3815 184
8461 198 9064
4600 3907 3471
2080 4138 5932
7389 4504 3219
6087 2357 8287
823 7536 2374
7946 9194 5611
5776 5981 5028
7910 5084 3166
1852 2922 3333
8388 7735 9883
3805 2335 3790
7276 767 4281
9560 8157 8785
9131 4244 1142
3770 1420 8679
6145 9366 4225
8108 5142 206
3136 3053 1642
2654 1257 4564
2340 9645 2300
2223 3450 987
6014 7078 8107
6647 2990 6264
5432 2122 6860
6575 2244 8280
1606 4741 7647
5831 2850 9141
2390 2338 8546
4032 4993 9803
8597 7333 5801
7249 5908 5603
4588 1922 2682
2695 8569 5672
8959 354 4146
2172 3281 2743
6804 4887 7484
803 7070 6686
9945 9460 9025
4843 3493 4018
999 8442 7703
6800 2043 3611
2403 6631 1886
1437 5679 6807
3462 990 3513
3960 3162 6794
6703 6319 1681
540 7122 5104
7226 3419 4564
6251 8263 4409
6621 9262 9203
676 2414 7598
640 4817 582
2526 2607 6261
5685 6069 7251
9199 29 6766
5993 3085 9437
4027 3625 6559
9131 7203 9979
47 3455 4594
809 6428 208
12 7105 2622
3963 7745 3791
4545 6623 6398
7158 8660 2467
761 4211 8849
3879 205 8286
3316 584 1911
9876 9715 9114
6207 6114 8921
7153 6923 1702
7361 3288 5159
9983 7251 9256
3774 8148 5879
173 5306 891
8992 2419 5103
4193 6299 1660
2479 9615 2244
742 5843 8311
6209 8402 777
1482 5555 7701
3184 9268 989
8343 9251 4592
7599 9378 2740
9830 5903 4398
7074 1247 6817
2177 5441 9468
189 4272 5436
8785 1367 7631
3448 3928 6034
4225 5410 7941
1926 4947 7210
9267 3290 2813
3859 7242 2191
2951 3424 8094
3701 498 5694
6871 9027 1135
6339 5568 1759
1775 4353 3126
5759 7801 3406
1793 2027 8817
6086 305 3764
9648 9573 3406
2462 9784 7000
1005 2736 425
5452 6437 7275
1146 3308 2655
2281 6000 8223
392 4127 2577
9871 9886 6730
3277 8031 8757
8446 470 9063
2210 118 4988
1969 2580 4772
8969 9938 7508
5746 5390 298
9374 6536 9958
2029 5169 2310
252 5561 6438
9181 1784 2676
5912 5062 7060
4669 3508 7530
84 2071 7648
5072 392 6581
6197 5713 6519
57 1460 8261
6707 834 4797
6666 9215 9966
5328 5819 1879
8118 5001 3664
795 913 5078
7855 1934 4938
1737 8371 3361
5737 9795 3753
2318 5992 9467
5189 6050 7279
3450 9109 4465
4599 5775 3680
4565 7456 9499
2797 5574 4500
6461 2721 1765
7891 6928 52
2829 8665 8423
2543 4403 8218
6296 3073 563
2115 4615 2965
9394 8065 2074
3859 9017 4202
7539 3582 1658
3391 2731 3584
7891 5544 6306
6009 3435 3234
6061 2617 8252
4484 5160 2655
9054 7808 2080
5969 9924 6695
8934 9318 1113
7361 9530 130
1563 3421 64
9573 6812 2796
3157 1056 8340
9463 7065 8128
9050 3126 745
7302 3962 2257
6309 9368 6417
8389 5338 6341
5085 4272 2012
6198 1633 7894
6328 9548 1315
2744 9121 8128
5540 8631 9184
233 4446 6249
8361 3496 5727
5458 7150 6041
4067 3459 5409
484 1849 747
3178 6934 1372
1542 9484 9357
9436 2164 5258
751 4908 4379
8879 449 9362
4415 7034 3809
7016 5395 3657
2743 853 808
8784 4920 4267
546 5404 2468
1293 4934 5754
9017 6476 5238
8375 5912 3754
3633 3016 8663
4364 8247 5464
79 2663 2498
3888 6031 7893
3897 8775 5098
4705 3911 6370
5325 809 8126
4145 2103 3061
9900 7472 9537
1490 2199 1802
1597 5832 1170
260 6549 9417
2076 2980 8432
4574 6868 4464
8819 7117 9591
269 8175 3502
6639 3500 4312
4765 3997 2767
7826 249 239
3716 8092 2439
1870 9689 4623
3040 9949 7524
8809 2025 504
7242 2951 3724
1706 8122 7194
1297 8391 5369
1151 5030 5221
1815 6147 9218
934 326 9468
7526 4042 7560
6317 2264 7249
7292 1656 3550
4817 465 1927
1673 4059 1230
1750 2117 9352
8944 3414 7743
4313 918 9125
5886 9085 5272
5104 20 5598
924 7546 5992
4836 3863 8256
8437 1155 6264
1987 2324 3082
266 350 7141
1496 8452 9259
7200 7396 9025
4943 8061 9943
4068 299 9029
5693 5403 5401
1291 2680 9299
7284 7516 3162
1892 5954 669
8157 4293 9346
1239 912 6048
4732 2408 4500
3991 9609 8248
3017 904 2661
9312 1325 2960
4693 7018 4715
94 8309 7395
5745 1945 4912
8907 3838 7218
5929 8347 7863
1627 5938 8775
7675 670 1184
8527 1014 7145
6775 383 4401
5788 9695 5726
8748 741 2744
3463 7187 1054
859 2933 2999
2123 8192 3189
5693 4121 7888
3556 2100 3826
2332 6127 849
9868 4654 1863
3365 7781 2246
7766 3569 8293
3493 8669 9034
6237 2133 6222
3643 9344 9155
2995 7819 3699
6184 3512 7821
425 3420 6273
4251 5752 2401
1452 1972 3407
3315 5337 1189
1913 9456 1110
6559 2949 9780
5593 5538 1913
8167 5534 7609
3674 8529 5428
7374 1065 8940
1547 1490 8712
7820 2094 4465
6573 3546 2789
9981 3214 4479
7522 5127 3935
8632 8038 3236
8412 3632 8774
6677 8151 4308
4286 8178 9189
6066 5552 255
1358 3451 8097
71 7623 191
888 4197 3738
3677 530 6952
8156 4404 8431
8443 3036 6470
1679 7801 6454
6806 830 957
1114 1469 9135
304 7535 1039
6911 8894 842
5008 5317 8466
1552 6205 9015
5290 6234 5897
8594 743 301
3377 9186 9689
6199 7218 7490
9005 4024 4673
6315 1490 6142
5450 8146 3677
2842 5057 8923
3684 6418 592
8502 7970 6797
7517 9612 9384
9766 4558 127
67 4287 5665
9757 6839 2883
3599 5844 3259
8272 2159 4750
766 3962 2896
796 3156 4306
9719 6840 7076
312 5343 1398
3461 9212 7362
9197 8979 8272
9324 5398 2559
1342 1507 9398
4225 5107 1595
3837 9731 3754
8587 498 4068
7835 1294 7224
8493 7365 417
5569 4029 2112
3319 3843 1324
681 3040 6655
8953 2365 8406
7865 3707 9913
7263 4284 5020
5210 8121 1104
8965 3060 1602
9385 7248 9248
6610 5741 6613
3379 7663 643
5491 7334 4486
3167 4368 3878
9823 3321 2595
4581 7538 2654
4494 1154 6939
9515 6364 1412
619 1681 825
8573 1067 8073
7821 4029 166
786 7408 4181
7781 2899 1516
8619 2418 5884
2498 8593 5557
5093 3174 9448
7748 7669 602
1039 3536 6966
2451 4155 8648
9628 9080 6067
4053 3253 96
572 4039 3856
4753 1821 3107
2621 440 5525
4857 9290 4119
6767 4384 7293
6215 2132 4962
6817 3171 8498
135 1974 9005
8783 7955 4437
1202 2008 7690
7650 2580 8082
1506 3686 6255
965 2659 6695
6491 3869 2338
610 636 6722
4255 3203 5206
5570 6372 4729
4068 6507 3055
9426 1643 1010
3863 2845 9371
7906 496 8303
5988 8354 1989
8595 9320 1001
1642 2163 4870
3980 9125 1858
702 3380 5061
2260 8950 1433
6989 9371 7940
45 5149 5935
7407 5364 8781
6778 3270 5629
5082 5610 335
3423 4205 6007
4424 2200 8170
5646 6180 7295
7504 6883 7028
8917 5495 2330
350 2485 8053
4643 8882 3202
578 6289 4919
5711 3068 4541
7692 8150 6504
8028 7925 7061
4035 2350 9261
8558 4348 5442
2205 8205 8677
9233 7122 4172
7916 3825 3009
5969 4820 1891
5524 1750 8181
443 7462 1249
1336 1506 9399
7840 9534 3676
4902 9922 2378
4163 4832 6727
5957 7037 4932
4634 2623 8406
8807 539 2231
8168 2860 7051
60 8384 8802
8241 5179 2616
9490 6516 4122
5241 708 9
8917 5610 6283
1296 6126 1115
8023 2083 4504
9307 6718 7127
7713 1877 7666
6297 45 527
3348 105 5263
8502 8346 6795
1118 7836 3311
1593 9429 4019
1602 8347 5982
7885 5995 2108
5352 4018 4191
9856 9677 7261
6984 3742 9138
1002 39 5536
7881 3388 5641
9497 1890 340
6292 9361 4528
5955 954 3958
6326 2556 8657
2308 6793 4652
768 8497 5022
4960 8353 4699
2221 1689 8441
7712 9044 8481
3248 6925 8221
5241 6422 6463
5581 9066 5824
6462 5021 3130
420 7700 2038
5429 8 8831
81 7129 3680
5103 2089 2034
6154 662 75
4595 4726 9119
9428 7974 2397
7649 9568 5171
465 1501 4238
6289 7963 5611
9420 4735 3311
1458 164 9672
6642 245 6801
322 1700 5242
8708 7854 5904
5136 8802 6983
4255 8230 1309
3004 2232 877
4528 2697 2379
8766 5338 6694
729 1110 1430
393 2569 7946
65 5563 4544
3218 2237 6244
8460 7298 4099
716 2434 2901
7699 3041 7483
9009 6046 9715
6238 6926 8764
4969 5692 4103
1664 2773 5213
9446 3166 4134
7392 9583 6049
8288 2801 8287
4533 7613 1937
4984 4682 4371
4237 8733 3764
1720 7742 6162
7788 333 3088
6552 5302 5132
655 6966 7906
5869 2764 7424
6355 6509 7008
2405 4797 6161
692 9330 127
2629 4314 4809
3352 8551 3542
7116 6624 7637
3279 4412 7970
6367 964 9624
1500 7972 6591
5758 193 5707
3182 6548 2216
6542 8953 7014
9056 5997 2696
5535 4978 3363
6696 4682 8266
6590 1799 4890
4227 1430 9302
8549 4149 6619
8174 2001 4591
1117 7759 4784
6824 7294 7684
9041 3836 2990
2407 9244 8987
5103 4779 318
8466 1475 5000
6733 8066 3151
7975 8645 933
7278 3547 5083
249 8073 3436
4840 9190 1196
5976 2366 4842
3660 7759 5030
6650 166 4275
1990 1622 5406
8660 88 3234
12 3173 7652
3164 1149 6297
449 4779 6196
1884 5028 4269
5321 6220 9811
2869 8548 2178
7711 8560 9937
2741 1563 6456
3368 9905 8078
5127 8565 4518
8361 8577 7692
6013 8093 5193
8662 8543 9972
4859 427 1352
9128 2100 7572
8940 4969 6120
7470 9032 1032
3759 8126 2595
6567 1494 2500
4645 6621 1065
5516 1334 5995
3208 7347 4088
8401 6010 8983
4725 7221 5763
6077 2701 7863
3649 1641 9185
6121 5463 8217
3505 5575 6343
6101 2142 4190
4953 3140 7163
2371 8656 8498
8366 8216 5845
8806 2969 8207
7790 7694 5428
9905 3771 8130
7768 3772 6123
3305 6245 7939
1523 9750 3514
4218 2203 5656
4760 7157 8796
1924 9528 3804
422 4246 2020
6267 9404 4989
827 7194 2683
2607 3451 2806
7089 1220 2930
3213 877 5527
7504 8752 5278
1018 2971 3833
3026 4083 990
8175 6007 6870
1979 6429 7468
4000 9049 6873
8989 9876 419
8025 2483 3871
7183 5925 1443
6466 5490 2320
1993 2994 1073
7271 364 396
7457 3390 4479
8447 1565 487
1670 3545 3268
9138 3897 2317
6011 9238 8545
6431 3615 7381
302 799 3306
1745 7265 8796
417 9258 1790
1490 2882 2154
8238 339 1896
2718 5138 9814
9557 6808 9711
2825 2299 3608
5143 4662 2846
3688 1093 6462
1069 7747 3613
727 5844 878
9523 2614 6488
1313 4104 5722
9819 8695 6061
8068 7765 7552
7882 7322 712
7593 6499 3011
1201 7994 7674
399 8035 5119
3213 5456 9219
6826 6184 5063
4056 5707 7677
6897 3373 8134
2619 9544 3181
5033 7612 946
2585 5494 8268
3297 9439 1119
2661 6992 9114
6687 7392 7149
1806 605 2605
1025 3784 8789
2441 7840 849
6470 4737 4222
956 3709 3766
4137 8742 7731
5083 7679 9577
9703 7328 9017
7175 9989 6009
6289 3028 9753
3438 4835 6711
2395 2212 495
1185 1005 4687
2034 3828 5777
2608 4784 9486
2726 5274 4580
457 6709 2259
35 2765 9587
5404 9940 5929
1413 6229 8957
7519 6019 144
4230 8414 2357
1077 5951 9714
5764 7985 3542
7893 6945 4679
3731 9672 6305
8311 129 3014
6922 6516 2131
6510 1920 2071
2439 9686 4652
7748 7205 7023
7893 1435 5438
6602 8864 1389
6316 980 5727
6211 8874 2672
7242 8957 2344
3547 7269 8826
2913 4191 5342
1397 7053 7263
3468 5844 3301
4473 3593 506
1496 7838 8293
3286 4440 7157
1028 7108 8137
3107 3319 3363
5779 6913 2321
4476 6812 5942
9654 9726 6485
4996 1123 3539
8611 943 5735
1912 1768 5680
8770 9617 3518
7063 2903 4310
4220 3931 1419
8710 3390 1090
2073 5522 8004
4394 6350 4816
336 6004 894
6822 1000 8369
6713 5964 5665
2448 4228 7433
4481 2999 7050
7999 62 6306
2310 4283 6589
81 9345 9980
1171 1418 5502
5527 5813 1852
6696 2501 4208
7590 9323 1560
2312 6036 7524
7977 4837 1753
1762 9318 4752
5165 3669 1166
1471 2331 1801
4412 2412 1146
4392 9936 2565
6246 5463 8378
4450 2159 7231
8658 6102 6555
219 8414 8943
7743 2743 132
5848 857 9450
6952 6022 3120
8119 3845 1803
9920 8258 4216
1067 9002 4152
9984 5249 9615
4714 9699 8127
1945 8358 4229
8500 4929 8995
3796 9024 8090
3928 4873 8947
9731 1825 1322
9203 6296 5167
1006 6217 3425
5222 3636 8780
5726 9972 4029
1694 4686 80
9821 6631 4790
402 1484 9719
5749 5280 8744
3839 5560 9969
2786 5291 8146
4108 4494 4443
5628 5501 7012
5405 7075 7000
4185 2802 6972
4566 848 1658
4647 669 8289
9437 7423 6125
5509 3172 1405
605 7011 3318
574 6149 8609
8720 6610 9456
3163 8590 4957
6527 3995 8384
3527 8181 7538
499 2747 8386
2157 3746 5407
6799 9536 2830
2924 5045 2354
682 5650 5717
4000 2576 8219
2609 1296 4829
8417 812 9771
3374 7339 3766
8111 867 8299
5649 1366 7399
388 3524 1145
5795 6675 681
4978 9599 2078
3684 281 4080
9402 4281 6656
3973 3243 4305
5154 1660 5117
4925 1387 8808
8691 5850 9675
6991 7851 7394
4390 8239 7270
1887 387 3945
8921 5365 3544
999 9049 178
1432 4803 811
4440 8776 406
8745 3930 8419
214 8855 6158
9023 3899 2008
5050 7242 9859
2444 1632 8099
6066 9871 8486
11 8792 203
9908 6144 5604
6438 7576 6760
7249 2016 1888
7656 7114 2171
2427 7328 7378
8585 2703 1277
593 7754 8519
452 6550 6503
4903 2617 6375
9741 2628 1519
6296 8888 7663
8253 5326 1591
5013 8928 9960
6901 6584 7074
9072 9011 754
2803 3948 3458
4080 4541 7564
8952 1345 4114
5455 6249 6731
8182 2342 5712
9702 8639 952
3717 6892 6279
1661 8257 5207
7973 1510 8143
1399 6935 3506
2153 9738 7454
1963 3818 8347
9527 2770 9692
9994 4578 2293
6725 2760 4636
8789 8814 9627
9742 8884 2871
2373 545 1128
3932 8518 2638
2075 6269 9573
1933 8422 5663
9387 6738 9482
7734 2617 8604
3778 2611 3182
6072 5689 2295
7060 4478 1109
6687 572 9993
5910 9297 6890
3390 3229 1760
2380 1656 8029
8306 3589 2804
3969 9328 9542
3451 3414 8511
8408 7193 1123
1590 9617 6812
237 6677 7642
1347 9716 4567
7692 1978 3864
935 5368 3446
2695 7748 5102
7077 6054 5044
9881 24 724
5775 9827 4139
4286 4587 7684
1761 6178 3653
8573 2767 330
2568 4114 6398
7135 8159 8376
7351 9094 3744
797 8141 7844
2252 5218 251
7296 1451 6627
8020 7226 2806
8511 7865 7394
2547 9626 3572
6200 4552 6339
2882 7120 6806
9280 607 1317
7656 7958 411
7752 5108 8552
1949 7360 3771
2200 4656 1574
8827 9028 8801
1633 3892 3018
9027 6439 8996
8951 8992 3548
1643 1874 7020
4801 1155 7627
6118 5163 5586
6529 9268 694
1433 1217 4406
1556 3417 9062
3131 8596 4442
8284 229 4686
1302 5609 7478
298 4560 6470
199 2555 8344
7219 7356 5851
4847 3474 7367
6785 6355 6635
7479 4141 4204
1885 5697 3973
7299 5180 2569
8093 3464 9150
9132 1118 4759
6610 7769 5672
3080 7968 4579
7776 5187 1936
3628 6386 1762
7347 3171 4470
3982 7002 8611
4538 5239 660
8511 2538 5841
7432 6984 5657
6582 6116 6776
7694 2726 897
9718 2158 8865
4297 9934 404
6233 9914 3143
4348 7261 6314
8818 7595 9669
3781 8485 4908
4441 6996 3799
6634 4428 783
8644 7363 3251
1772 5057 2329
2669 1127 4487
7886 5424 773
4642 8010 7040
7785 2358 4301
452 7528 8249
121 1309 6734
5029 2102 83
8828 5089 4511
5963 3733 8226
5566 5505 9635
7895 4526 762
8734 2412 6187
9508 3406 4197
6548 1192 2907
7201 7996 6787
1802 8117 4448
8537 3146 2902
8620 8327 7991
9483 642 8076
4062 6209 9933
3697 4104 4459
4460 2839 3223
6999 8699 2982
7548 1599 4174
6807 8800 2170
3594 603 6639
8042 5492 6137
944 464 4464
5288 6299 5107
9716 361 7668
9650 4059 1772
461 4871 963
37 1870 9662
3019 9418 7613
3545 2577 2766
2067 6171 3369
8706 4213 5213
4843 1509 5677
5660 3149 8328
7119 2866 8690
4787 8868 9101
2911 9329 3972
3875 9366 2194
9889 8737 7964
7503 2282 541
269 4349 6712
9990 3055 7277
1555 4251 5138
3584 9911 8288
1912 3382 7506
6954 8169 6374
6055 1080 5703
27 1307 1422
8573 7549 159
6537 1404 8794
7078 1673 3143
142 8015 2551
7419 9570 6802
8910 9506 3065
3550 1418 6447
1056 8373 968
7430 780 2048
9485 808 9708
7259 5733 7257
7419 2271 8661
6213 5701 6686
5708 5844 1053
8259 9615 6975
5061 8525 6481
4478 2075 4251
925 9483 8976
1893 6913 9757
294 2751 6917
6354 10 2650
9963 3781 4921
8624 6346 6975
1662 2055 2819
2715 6666 8786
9690 8080 7312
2523 2558 5739
6774 9836 5223
5751 1729 8488
5508 8375 1239
2425 4729 7602
5075 1044 1383
6349 9668 4082
3324 7682 6137
2495 397 9155
1281 6439 7235
4945 8962 9794
685 2089 9630
2260 7840 7711
748 9700 2439
8340 8477 3520
5942 3552 4565
3677 6253 4233
7759 5929 1916
248 8424 8665
9404 6058 5105
2991 1003 419
9137 8040 2508
8767 6652 6700
2831 7401 6400
5270 2093 4877
8790 4387 4782
9707 4416 7387
293 2176 3317
8561 8776 8093
7226 4532 4151
8683 3876 1507
5455 3013 9547
4315 8133 6200
1016 964 9953
3768 2586 8398
4998 7728 9137
6132 7436 3553
9871 7729 2081
3188 6290 858
7634 9868 1742
8137 4904 5618
9644 359 4984
5544 4674 3117
8096 2042 4081
4401 2163 6667
2799 3513 747
8288 5997 8183
1841 5868 2264
3923 5409 8554
1133 3043 4775
9227 7532 9679
1198 3529 6390
6182 9073 7416
9299 3521 9459
3380 7922 7974
6399 7073 1487
7146 5361 3836
1682 7202 9704
3946 7477 5113
8853 8610 4508
3628 7838 8393
9659 5388 1922
6049 1570 995
3465 869 4516
9276 601 8790
7250 3352 5863
5089 498 1224
8925 8532 4778
4982 8831 2256
6447 7684 7218
956 7664 1408
5701 7323 6796
7623 9724 8366
8618 3189 9235
9486 2466 6188
4628 6068 9540
491 7510 6391
8067 2787 4923
9197 7769 3754
1453 4217 7790
5024 1525 5454
6432 7226 9129
9581 4849 8853
7947 9819 8395
3535 5657 7213
9723 285 3281
5616 776 7143
2007 5195 9931
6930 4392 7700
7037 2198 1917
4827 7222 3442
6634 3654 7020
5763 9587 1869
969 7535 8040
9364 7422 3697
6577 3497 3982
9858 9113 1110
7002 1120 6305
6933 4403 7050
985 7792 9248
2903 8971 6470
2697 5605 6476
9718 7721 6064
1587 8690 9951
5980 8054 7373
9677 4631 7222
12 841 6336
1122 4195 3808
3780 7480 4563
830 8466 2355
78 7721 7679
2900 418 3284
9376 136 7357
1792 8076 2399
1743 4056 6805
5468 85 7788
9043 97 8630
5379 1220 9177
5539 1352 3010
103 2182 1476
8810 8612 9197
6489 1512 5967
6126 7240 2456
9835 9033 532
2235 7128 940
9040 2597 1025
6829 1640 7475
1811 3371 5047
7340 5262 6399
350 1717 4933
8178 528 3545
7375 3369 1409
9695 5847 8649
2151 5683 7682
9035 7918 4811
9975 3310 3760
7352 6491 1752
1179 4654 1475
6226 1995 3089
2625 8697 4807
3910 6876 1687
7455 603 5056
8864 298 904
7514 8801 2939
1548 7836 7209
2711 4163 519
2823 7868 3363
927 9047 8017
2402 5274 6364
5492 4251 5062
6651 8162 8290
8338 1969 8893
9746 834 5544
7002 4700 4345
9941 2600 2182
7150 5312 6345
4022 4487 565
3737 5415 9613
8106 4169 1239
4471 9661 5490
5885 2664 4
527 1002 1974
5772 7101 9160
1316 4103 212
2014 397 2812
548 3899 4476
3245 4273 5316
3811 8010 731
3424 6117 4900
4663 6940 914
6505 9177 3578
6510 9704 933
4836 5476 8034
3996 3145 2137
4208 5159 8886
3372 5707 2786
4201 5304 7059
9517 9115 1422
248 2539 3891
1500 3554 831
2414 60 8
5993 2922 9712
3278 7758 1540
1312 8106 4685
9801 8666 6196
8688 2038 1903
7826 2591 7208
1237 2108 2675
2659 8708 1567
6550 6561 5121
7381 8975 1533
3741 1320 4455
9805 4598 8565
1346 2262 6671
6031 2064 5337
2228 752 3728
483 8578 6319
4043 6167 4780
6719 8827 9840
4638 5377 6401
9759 9111 1729
7645 9204 9401
2100 9010 352
666 356 2614
3689 2739 1030
9027 4967 1782
2755 1803 6712
5426 5846 2880
206 8917 8059
6399 3555 9788
2800 9667 5251
881 7312 4456
283 5764 3466
6987 2782 3822
5953 6472 6561
6984 5499 7881
8766 4606 9684
1831 32 1882
1063 6591 800
9122 2990 707
5262 5790 374
514 3024 4038
4970 9659 9803
8436 6646 2585
8610 2599 5409
1523 5935 7260
9404 4702 1866
5440 2885 8251
7323 300 4842
4475 5774 7832
5182 1036 9974
1909 1550 9350
2299 2872 9009
2102 7660 2007
1040 6270 959
2801 7794 6894
62 3550 7948
8280 8991 7185
6531 2666 7485
7725 7141 3259
1909 2323 648
8236 584 8550
7586 2884 1423
2948 1338 9083
4955 8730 1706
5914 1532 5852
9161 1594 5754
7109 9874 4745
4295 2758 7411
8132 483 4552
7744 2393 3228
8392 629 164
6942 8215 9400
4717 1163 739
153 2471 9469
1859 4737 1001
4063 3898 8947
9817 7360 5174
4563 8007 7932
8326 2491 8415
9231 235 7160
8811 8627 7789
8975 1922 2357
8376 6639 9872
5467 6792 2343
4936 5003 3433
2290 9066 7331
7589 8884 1043
2763 3447 5402
695 8125 7894
5463 7356 8129
2623 6167 3109
6765 5143 5031
9122 9871 8022
5346 5338 4815
4042 6626 9818
7475 5268 5237
1158 2858 4121
2202 1973 3920
3956 2669 2045
1850 8132 9402
9980 7107 1921
9441 3872 3416
4472 9346 3287
2494 4693 4977
3661 8735 7956
9832 6210 3224
5069 3720 2434
9190 2274 4408
9462 6231 3429
1507 8081 7913
7261 4413 5020
9183 3854 5245
2599 8326 4591
2239 7173 5636
3568 7186 4371
1524 7018 6933
1101 8439 654
3535 3981 9280
4295 3443 5511
7724 4951 3593
5637 8564 8006
7010 4099 8213
2255 6699 2891
6846 5290 64
2483 8858 3603
3206 383 621
6492 7836 5413
3498 1371 9394
2778 2019 2838
8290 9743 4141
1883 1733 9057
6241 8743 3157
806 998 9856
3698 4196 1498
114 3031 356
3717 6238 7091
4339 9082 4927
9752 2580 2651
5498 5358 4670
4688 3648 765
8829 1883 2498
7887 4477 1241
7396 5283 8591
7252 8981 2788
5102 5448 5819
5458 9165 8409
8902 3504 7491
181 9608 71
2832 1459 5430
3854 6147 5430
4620 1329 3666
7118 9216 8143
4712 6612 9778
3303 216 5112
6091 1670 560
8263 3480 9725
6672 2382 9582
516 8916 5542
6939 1748 7001
8721 1955 3149
4152 6575 4478
7818 45 46
2313 4757 3010
2091 8061 9578
3555 504 1248
4115 8767 4728
3841 1792 3463
9775 2308 2379
5317 5599 479
2319 4321 2434
1820 8473 9009
2650 2643 9055
2696 4956 164
2058 3399 8225
1636 6955 8730
9236 7422 3849
316 1263 5641
3779 1038 4301
2510 2708 9901
2990 5027 4222
1776 3199 9047
786 5849 1690
6193 8545 2998
6357 6955 2749
935 8591 9704
9665 4179 7127
3514 4495 4742
5508 4627 2133
9809 7137 4841
6062 6479 6220
6636 8256 5771
5683 5394 1620
3725 1587 6517
3075 4296 3472
5825 5231 8415
1881 1248 2594
5360 1115 3441
6455 6623 8068
4940 2784 1558
9781 8847 8037
2353 1835 2645
8124 7519 8039
6096 7596 5978
2613 7024 275
2437 2849 1858
852 1082 9459
9798 2795 574
9591 9250 7197
4012 4190 6333
5570 323 5180
9959 9028 3368
2605 3504 887
644 9600 4835
2975 8565 1859
9602 7354 1060
1460 4558 2143
7271 4356 1290
7845 299 540
1394 4311 1082
7728 6233 1405
2908 6193 6785
6276 5150 289
3515 2146 6241
4703 5121 1158
6562 4723 8512
3975 2536 3070
2470 9807 3778
3760 4005 4077
4300 5399 4741
1734 3127 974
3139 6036 3519
6276 8664 8669
2917 8532 816
9158 9587 2289
6668 2501 3365
5180 6476 5901
4602 8946 2060
8380 2706 6065
8809 3358 1465
9902 5092 4592
877 4583 6980
748 7211 1997
9418 128 6881
6586 5638 6468
5227 2306 8969
8592 7486 5446
4493 8440 744
2906 3172 9803
8971 1982 9513
6788 8236 4606
1381 5465 5541
4713 6214 2753
6710 1984 9233
9943 8570 4872
6411 149 7178
5381 8742 1017
7179 9587 9457
7923 2493 2630
4078 1465 964
3592 4605 5552
4550 5986 1018
91 7052 7232
9196 114 9216
4782 58 4138
9654 6469 4287
3184 8202 9381
4201 5381 8969
11 9657 1462
8993 3735 9279
6309 7327 3885
1861 8229 6223
2879 4673 3275
6463 3869 3390
2031 5003 3448
2521 4657 6269
3161 4194 4472
2542 8395 9853
1511 4758 9510
9326 103 9598
8605 2764 3277
8842 4626 1507
5066 3857 6180
4693 6673 6401
4435 5056 1405
4235 7578 2414
505 739 6608
4977 9633 1356
1182 7497 2466
7045 6823 2570
6643 1780 5334
6272 623 6312
7779 2041 6522
311 6734 3195
6713 7522 8251
4470 1757 2181
6884 8614 2920
9845 3591 8906
1201 1126 6403
19 8171 3226
2589 1166 5006
4276 7438 1981
588 1570 4022
3462 1881 7109
6657 4946 983
1261 9416 2740
3442 2653 7707
2715 2498 1298
1621 51 2424
4376 70 6947
3954 9012 8113
5312 3288 1904
7294 228 3474
7668 3691 5355
1129 6700 302
2112 7961 6070
1205 7756 8723
8912 471 7573
6562 8444 7624
8987 2820 4047
2286 6774 3059
400 2086 6347
8656 5732 2927
2130 3401 2970
3837 4530 9671
491 6643 3984
6562 4200 1740
1637 3112 8563
9211 9674 7007
3187 5013 9827
7234 7300 2953
293 4052 1392
2992 2708 7124
2272 1190 525
5242 5027 1408
1265 5519 4403
5250 8433 8603
3342 70 1715
1906 5633 7741
8913 8821 2755
5093 6055 6407
4398 2701 459
5790 5693 9519
2915 7965 709
9792 9560 2088
1200 825 3959
1955 2427 2392
558 5770 8815
8625 4028 4448
6367 9293 3269
5474 4386 5677
1881 5137 8378
2340 927 4071
8211 3842 8389
8920 9987 7949
7360 7539 5126
1320 9495 7554
64 53 9676
8879 5031 3704
3328 7750 2997
2949 3224 3736
8626 5105 8873
7004 3797 9800
1076 2008 9995
5817 7280 9982
3766 4640 3873
5244 2312 3368
2798 2377 9774
2474 1256 4805
2530 4584 2555
5528 7534 5779
9264 2512 7236
4489 9517 1033
4289 6945 3041
636 2762 321
6970 2880 1313
844 8124 3626
4212 7275 6003
338 9749 7259
1495 2280 8196
4050 4160 2082
6181 9776 4594
9769 4265 463
802 4906 7408
3843 5543 170
516 2513 3050
1830 9709 7527
1808 274 4802
7811 612 903
1422 2108 9535
5970 2510 3695
8052 5044 3471
8999 4813 7736
9462 1968 2643
3223 5811 4538
3393 2680 3403
2796 862 3113
323 2670 9739
1477 6833 351
2380 8255 8811
1916 4226 7674
1963 8630 9070
5435 3981 235
9523 9796 2203
8518 3019 4367
3056 2764 3399
6460 5560 4261
5925 2235 6931
5664 64 3764
2367 2445 8371
1179 713 8949
5205 9028 3932
627 4463 7913
862 339 4061
9418 8857 3432
3785 1914 6197
7184 4726 8109
7797 651 345
4728 6315 6761
4844 8682 9206
9567 6213 6271
8517 7770 5300
2449 8397 6115
6714 5612 6454
7128 5030 1664
560 5167 9930
6757 2351 4656
1219 148 5307
1564 1228 7974
4677 2424 6656
3884 1991 9222
6507 6860 6992
8159 9309 1742
4275 2376 7354
7081 9504 2384
8745 6416 3903
8675 9526 6254
9683 745 2754
4990 8661 334
2964 3338 9110
5973 3574 1101
1547 82 7962
4891 8241 3623
6633 8868 2351
339 2302 8207
9075 7399 4624
2978 2427 502
5584 2110 1247
4690 3453 9908
5024 2769 3246
4134 8742 6821
1588 6641 3255
5902 1533 7848
5877 4518 3069
4581 4858 5371
2788 3933 2770
3764 6912 1549
4266 8848 3660
5513 3539 7113
1773 8563 9882
1372 9050 4977
4545 6990 7970
7800 9244 9503
2000 5121 4022
5069 6054 5232
6792 8843 5517
5915 8959 2429
7464 9578 1278
7476 1443 4817
4589 3217 9732
824 4589 5134
2153 9134 2124
123 3286 7720
5979 5286 9194
6353 6708 5248
1585 9852 443
7102 5767 9403
5884 3232 8981
3514 708 424
4683 1650 9993
767 8826 4582
5902 7331 68
4378 3806 3354
2099 9785 4993
1293 6138 8053
2893 4075 7905
3337 7530 3673
2740 3414 3257
8073 3280 317
4849 4315 8319
4843 5082 3497
5777 7336 828
5846 8067 4635
5552 6518 772
6897 7811 3263
4950 7056 7338
2856 393 1220
2881 3133 986
2490 7558 4266
2807 2408 8581
7479 3603 16
976 9380 7352
1805 5226 5419
2792 7131 8289
3564 4028 2452
3179 8979 9509
6870 8187 9902
8090 1068 9388
9077 9910 6946
9695 2717 5706
8277 196 9309
4645 1173 8690
8349 9330 268
121 8474 3751
8410 2038 7780
863 1570 3111
372 8440 1298
274 6530 8718
9662 5607 8628
2961 5303 7697
5019 9932 4246
4329 929 1771
9371 9278 1101
9639 9399 9575
9743 7810 7965
7523 8673 9535
634 5397 4327
8284 2023 858
3354 1686 2817
8334 999 4472
6031 6018 756
277 6699 1685
2048 6070 964
9501 2062 363
5428 1805 4525
9746 9328 9550
5633 6314 4947
9961 950 6971
819 4304 5009
9988 2638 2360
4461 5021 4730
5217 1651 1430
6903 3699 7500
4219 9553 9562
934 1333 7719
5460 1079 3399
1362 6713 9713
2662 6674 7015
9633 3845 1319
994 3833 309
9706 4646 5331
4436 6216 6982
5866 3119 7033
3367 3690 2938
9281 4624 4272
7001 6436 5351
6752 7799 8416
2818 461 5090
9833 6446 5287
1153 3792 5473
7814 3498 119
9497 7934 6335
2831 3801 5806
6217 3520 9496
9155 2801 473
9779 6154 6909
1483 9259 1060
9899 2077 1521
1342 1910 4319
6629 9415 8111
2102 7230 1609
8574 3079 9544
4909 5911 9697
7068 2128 3217
2916 7635 2370
3389 7415 8525
6651 8898 4136
7711 5149 6213
5585 6491 8123
9904 9473 7539
8016 7927 1121
5977 6501 4200
5521 7763 6463
5218 4831 8591
4787 7747 2579
7158 7489 9994
2035 4140 5244
6171 1851 6745
2384 3788 3237
507 3693 9062
4398 8061 6989
5519 4038 3491
6072 9560 1254
2535 1130 2437
7479 5918 184
58 3076 7673
6404 1463 8165
8000 7634 17
4745 18 3805
4334 6877 3850
3396 1276 1911
386 3147 5950
229 9219 1862
7835 1755 9344
272 5586 1614
456 5644 4690
4482 2048 2505
2647 6400 139
9016 1145 157
9174 5480 7035
3024 5228 8311
1288 1966 1458
3590 2195 7030
1804 30 5137
1148 6654 723
2763 7111 2719
3805 7945 1119
6311 592 7519
6450 5961 8664
2960 5135 496
9995 4511 2077
4658 2151 4043
2468 5741 2591
5850 7545 8973
987 8694 5628
8062 7809 9091
781 1614 7036
1900 4277 3980
5771 7080 9941
788 40 1428
1284 6387 2292
9713 7397 4443
3757 6217 185
2700 2068 7730
8025 9407 2776
3653 7470 6937
2744 4603 4904
6132 2856 9181
113 8627 6261
6406 9415 2653
7835 7052 9040
127 6765 6437
4570 6874 2655
1107 9574 1075
5190 7600 482
4318 7605 7952
1256 6702 2556
6160 2834 5412
5341 9299 391
7955 5706 9807
608 9893 6859
6001 6372 9976
2438 7294 6851
1445 8402 2777
2520 9944 6729
9355 4262 687
7307 5518 7389
6215 1678 6575
7979 3372 5875
8371 1327 7933
8178 8287 7826
1389 4288 4198
1365 3079 1492
4568 876 6246
3698 9749 6190
6779 9104 453
7466 2763 2323
1207 8979 4002
7783 6958 3726
10 1681 1405
7943 6211 9692
2121 7600 333
2671 5318 3412
515 6238 4288
6762 6288 4037
9304 3068 9493
9757 534 2257
2081 8094 7588
2435 5877 898
2513 5887 2580
3918 182 8791
3610 2303 2744
3943 4974 4414
3707 5489 652
4348 8603 6941
4737 7908 6361
4231 4017 6895
6488 2450 1341
428 4885 7218
1326 3750 9457
3906 7668 9639
9050 7631 8294
8146 1574 3268
2560 1634 5110
3212 5982 3713
6505 719 7973
2866 4950 1991
6114 7790 4441
7455 8218 5679
1026 5897 9429
483 6155 7098
6475 5205 4729
4769 3351 2655
4390 2263 4289
9500 5476 271
9565 8333 991
7539 1200 2293
9530 7314 84
323 1121 4654
6002 2147 6903
5432 2631 3059
8882 5458 4616
3611 227 4320
6266 4617 6583
6908 469 2059
7179 35 393
4522 3926 7945
3168 9808 1611
9604 131 2732
4258 2486 4880
1162 7918 3863
573 6800 9321
5189 6763 5900
9509 9381 518
6093 6289 7339
4504 9821 3726
4897 695 7652
9194 3863 3812
805 3467 296
3538 4078 2782
4770 1592 700
4985 2165 3852
4306 3706 615
6558 3216 6348
3428 9309 2638
768 165 8811
4494 1415 9506
8499 609 3370
8663 1415 3189
8959 4953 3619
8093 6075 5211
5145 1060 3728
8997 1718 7435
5964 8276 7003
2313 1705 6312
1303 8825 2829
114 3319 4244
9620 8170 4854
9342 3186 6269
8884 8497 7574
2503 6591 3649
4067 1736 4709
7795 734 6427
1582 3050 4703
8585 1715 2760
1249 3018 1585
4079 3132 1257
8323 9105 5779
3177 4799 8965
5798 35 7463
3372 2539 4054
3373 2958 5790
8082 7105 2876
861 8688 5927
1917 3625 3994
4677 4875 7013
6263 5306 6497
3872 9981 1954
9651 3159 6754
8617 5309 6789
2432 5034 5680
2838 8407 8638
8628 2842 5744
7857 3703 784
136 1972 4409
4130 6650 5636
1143 9265 942
3993 9489 924
5947 9140 435
2701 4109 5744
5843 6541 7130
1523 9379 5538
6514 4360 8380
2258 2217 8435
9394 2353 408
3803 2835 3410
9440 3979 9027
6734 7972 8516
4010 271 7656
4445 2973 8118
6542 5168 4659
3672 3043 391
5562 9557 1103
294 8167 3320
5082 7561 2025
1842 7717 1212
5252 7157 1543
631 243 9515
9147 4254 6139
3155 5051 9112
1273 1593 632
2285 1618 3675
9028 7180 3233
131 3827 1400
9803 8909 5314
8180 751 3031
9392 2355 6540
936 2986 6783
6803 8485 7389
2942 7992 2441
8406 5618 4034
9038 7903 2004
2714 3283 5537
2299 3414 9364
51 9569 4625
5365 7749 5376
4748 3493 4083
1288 781 3421
4424 3937 1906
1813 6879 6250
606 1638 1868
993 676 6123
2997 9742 9406
8534 8393 9172
4250 8445 5093
8875 162 2842
603 1263 2688
1038 2551 3469
4459 3327 7406
2717 1493 638
8968 2099 2276
836 3092 9304
3312 2442 5399
2718 7328 3792
8243 1579 8589
3336 6806 5104
2531 3762 6367
1571 1152 5270
5040 5612 8598
8799 8329 6443
5789 7297 8542
4417 4486 7987
3721 4150 429
5472 6868 7757
5617 1463 5688
4206 1152 8847
9310 35 8961
5677 1606 113
948 2998 2077
5898 1797 407
2341 3938 4056
7235 8355 4894
5222 8429 9044
2003 3901 2265
6113 9518 80
8153 77 1232
3352 9387 1267
8665 1417 2873
8779 8717 5872
856 967 4021
7615 3308 7960
8024 6895 2667
9270 8470 1096
8315 473 4998
6932 2938 4516
7012 1092 4593
4597 796 333
5864 9462 8102
5090 8241 6819
7314 5449 7786
1335 9417 7446
5647 3793 4341
8315 3063 2811
5763 1378 9637
761 4662 2575
1630 1675 19
2575 6272 816
9260 8488 278
7362 9930 4871
533 7244 320
8319 4932 6089
2117 6931 9882
6459 1598 2946
5622 7362 676
5259 4475 1691
7835 6105 3366
7854 5033 5990
5022 4293 830
5300 8008 761
171 8541 4357
6844 6861 9289
2933 5330 6221
9168 1789 4171
8466 3764 1533
5494 9023 6009
7185 3210 8466
6903 7417 3499
9245 2439 7793
76 7740 5801
7189 4263 694
1546 1107 7555
7188 4041 9238
9761 9561 1027
3932 8027 1143
5466 3521 167
7827 707 9729
6293 7610 3498
6145 6856 5938
290 3284 30
2443 473 4293
3137 8371 1753
7045 5559 2146
6283 1672 1707
3662 5605 9734
4806 7423 9607
4973 1602 314
1054 7895 4277
4553 392 7485
6843 682 769
3225 3125 7594
7518 6263 2317
5623 3308 4229
7769 9591 5901
9476 3253 7858
5562 8059 5281
5170 9384 3235
1836 6791 1131
6113 1344 1523
3598 4539 8558
719 7764 1683
4665 1634 7946
6983 7258 1254
1212 5027 7197
3465 4504 451
1324 6418 4862
2957 1588 599
6193 3425 7390
3676 5890 8734
1551 5841 3273
109 6560 7389
1793 1226 9023
6091 4561 6281
7346 5773 1309
895 5590 2165
7698 6914 8583
2561 9872 6524
3160 6065 6301
550 9741 2191
5636 1292 8032
5261 7754 945
2650 9547 8523
1673 5638 3084
7955 9336 5209
5616 232 799
7781 7930 7714
2716 6843 3938
9240 6355 3
5541 3257 6096
7733 8893 3740
2117 506 1494
3062 3156 7393
1585 1182 3032
1021 5489 8720
6230 1105 5304
3382 5238 9587
1096 7954 6430
1386 3547 9138
7741 9088 2395
3837 3173 7641
3929 1643 4499
1776 1057 7656
9169 8995 5190
8553 16 679
7274 2599 1784
8930 5981 3374
8517 3429 1328
1300 4815 1227
438 8908 6668
9185 2745 9841
6826 3026 7836
1326 4802 8894
5334 324 4241
524 8877 4257
7555 2503 3208
5691 1434 9189
9065 9951 8970
6745 1251 137
7973 8041 9045
4641 7227 8142
834 4053 1169
5023 1731 2323
3917 3417 2647
8158 293 1525
8767 7848 4028
1976 3539 1814
7517 8956 1766
2840 5702 9369
2977 27 7411
2023 1020 4638
6517 8206 5043
7686 3229 3127
10 3498 6544
2657 8008 6838
534 6776 4686
915 5104 4578
2729 8973 3534
847 1813 5588
217 1143 5615
7628 9518 6635
8618 6035 4842
13 3722 8071
3140 84 7922
9685 2741 5930
2875 9628 9058
3913 543 514
8491 3272 9488
8378 4120 7653
3966 4337 8796
9582 8317 8314
2569 3287 4350
3763 3300 4424
8187 2793 4508
6109 2478 3601
2039 1705 3229
7450 5618 3772
7964 462 3397
7452 8840 7517
5106 2806 8206
254 8740 2875
8569 1310 2514
9271 5073 5814
3695 3260 8607
8203 5721 7437
8156 7761 9142
1386 1563 1113
1510 9527 1575
1259 6980 415
8776 8438 9573
3334 8692 8314
2561 3613 5976
5075 2884 7401
7242 2931 7014
5849 1134 2735
9639 5643 6848
5133 3381 8411
6246 4891 7939
4173 6151 1271
4588 1279 6061
514 966 1105
8828 3527 4719
1156 4955 3955
8557 2197 6887
1923 4398 4373
4659 4037 16
7859 5523 3397
6271 1769 4641
562 5943 7144
1833 6883 4775
7894 7397 5741
8999 2577 5621
70 85 6928
4026 8643 9125
7265 566 3523
1638 1577 3913
8007 9437 9436
1404 5708 7557
2397 2622 9852
9541 4455 6736
4317 8701 485
6410 4052 9415
8383 4123 9500
5311 4501 4495
4436 1766 1414
4312 9756 2991
4577 7763 2428
365 9168 4488
4274 7917 7110
4127 7459 7917
7215 8128 6618
7700 4538 7023
3467 2922 1146
2968 4585 5647
7463 5374 3765
8877 6038 3521
8221 615 1285
649 7332 6805
1490 1606 4722
4952 5733 8533
9222 2948 6661
2192 7001 7552
9215 468 474
361 9788 1411
2360 7252 6785
6125 2481 2823
5999 702 9790
3636 7704 7122
441 5546 5081
5163 498 7166
49 6072 6467
6710 8265 3468
4262 7480 288
1088 7842 77
2500 6554 3681
9285 9032 6162
8461 5031 3217
8251 8667 7273
1726 5460 2819
6807 6975 9669
3973 7024 5742
440 3735 4007
260 7997 1487
6901 5438 5681
6978 7938 2236
7011 3575 7620
9525 8388 9003
2742 6640 7670
6367 4718 9482
9186 7877 6457
5208 1850 3482
950 8643 3569
1309 5255 7918
2796 2156 3356
4830 5486 7646
3418 2497 1222
1038 2023 9610
41 1117 2602
4063 7485 3672
3545 3023 1549
2 8231 3400
9836 5533 8395
3405 6842 3650
1324 5991 5807
4680 821 7645
2327 4239 143
9901 5277 8518
5863 1670 5987
4818 5733 9824
8490 9278 2848
40 5632 7431
9792 5469 2965
4539 8874 9807
8189 6550 5798
348 1231 6619
4346 9910 7210
4489 6163 8839
9359 8378 509
5346 3196 6242
5171 8039 5520
4371 8079 1153
1802 4223 6622
1119 8762 1848
927 3303 8399
3077 4 5982
6049 4350 2244
3259 5191 8407
2099 4550 6785
8960 9896 6334
5203 1419 4373
7075 5790 8804
8228 3945 9379
1202 5064 8141
9403 2343 7796
4154 5421 4152
136 1470 4854
2380 1081 45
7139 9532 4595
276 8493 844
6610 48 2263
7335 7123 4406
6139 1704 8351
5518 9258 3415
11 8661 5759
4160 2815 7532
8312 9303 5354
3167 8035 6435
3212 5174 2320
4160 1803 7165
5004 8413 7213
3619 5749 4336
8025 8240 2392
2728 111 1651
2496 122 6664
8255 4282 5832
2139 8947 5135
7493 2114 3171
280 1678 4697
2600 5838 6500
6117 7194 1266
3330 7166 3367
4019 1543 1607
6411 4272 1718
4414 6768 8193
1079 1375 2475
6911 9866 7774
8398 7359 9888
7921 7639 1567
2619 6592 3757
5471 2709 7304
3089 2392 4470
6456 2763 6013
4416 9174 6637
6134 9941 3405
679 1020 1132
9507 4283 998
7281 2681 4709
7170 603 2349
5089 9574 5293
5198 1397 4354
2502 4487 6746
6972 943 9509
9338 5359 5036
5975 7846 1329
5733 8525 2349
3217 8032 6632
568 5314 5665
5277 8836 6268
3978 277 2194
9271 5475 3592
9978 7978 8079
6724 1302 9022
2586 640 734
3974 2968 8580
5303 8701 7105
4004 8270 1490
6988 8838 3156
2653 4116 1992
5274 8094 8621
7468 3718 4096
1060 3696 8426
5491 6772 9729
4514 5710 6721
5248 9684 9689
180 1339 4742
3637 1695 3013
5127 8683 1851
4635 7689 5967
6627 2963 414
1600 6783 4132
5697 4196 4180
4123 9687 7304
3852 553 3015
574 5801 9051
6615 2333 391
1358 5971 2086
4371 7450 7122
2574 2086 4811
4894 5065 4126
5308 6666 909
5792 8715 1457
6324 2838 1145
3628 3043 1698
6643 9969 3852
5695 6584 6185
2438 4294 8508
876 5017 2311
7998 7592 4397
9161 2486 5814
3287 7794 8832
549 9938 7547
2006 6262 6738
3151 9890 9781
1202 6534 9750
5054 8581 2686
7591 1019 6981
6100 8247 1998
4763 2598 5942
9160 1759 8428
1326 1399 2574
6511 1948 2512
4058 306 8774
796 9810 5017
6929 1012 7903
3031 2418 6484
5718 9 3855
9051 2461 2102
7401 7224 4700
3344 2736 2812
8124 415 4211
699 6926 2511
9563 984 2817
4690 8133 8979
9707 1414 6343
7610 4446 8761
446 6516 5123
4301 1919 7584
6403 5672 1161
7456 5368 3897
268 3493 4312
4479 544 7590
3342 6459 4927
2511 1149 9412
1491 7208 826
7834 1170 1624
2948 1616 4492
8071 5917 2763
2007 8673 8436
3168 6129 156
3418 2749 3649
4082 7228 545
1673 6922 7005
6600 9433 4506
6012 924 1715
3190 5111 2885
1167 8059 854
5659 6130 3123
4775 4489 1796
9563 7658 4277
9719 7428 7026
9721 1510 606
266 9535 7528
3623 2487 6962
8130 4851 4238
6197 8042 9349
5434 5561 3760
6288 7572 9890
9412 2347 732
7560 1910 4742
8190 1630 2170
5216 1351 32
2175 7969 9568
6055 1593 8407
9369 6075 3259
3608 8624 7653
9309 4058 3214
3070 6699 786
9312 2463 3134
44 23 1396
4786 8213 3026
3308 9782 729
3341 8309 8699
9261 4364 6644
7668 86 9071
7279 46 4047
4932 9355 8105
4498 2425 1156
5285 8090 9971
4771 8134 6347
6167 9273 912
5546 2581 694
6275 2274 5355
1326 1535 6072
4322 5556 6158
3393 2835 6204
7440 7768 1911
1898 2266 689
9406 3903 8779
9378 5026 3265
5725 1194 2538
6637 3092 1472
3684 9367 3746
5391 7046 1634
1463 1368 7190
3973 4762 25
6529 8554 4145
8441 452 2764
9130 6211 6667
4261 5589 8046
7526 7666 5592
65 4303 8684
7889 4339 4403
1635 9731 1449
9621 7546 2818
6811 1520 3932
3189 8049 2486
7334 2842 9291
98 8324 5502
3118 2585 7443
7516 112 5109
3108 6529 9412
1792 4418 104
6195 2405 9835
3997 2027 7381
6815 8838 5253
747 2027 9655
9585 5714 2497
5228 2164 822
730 1634 9759
8173 9150 9871
3282 2258 6400
9047 402 7170
9151 6598 9576
5338 6947 1603
9071 3762 6793
677 861 5173
332 6798 887
9181 2027 9403
6355 9109 1038
6115 3635 6540
2338 3269 8799
8739 2316 5553
2261 7819 8503
1837 9509 5450
9792 8581 9212
6586 5610 6425
8111 5942 3224
8998 5123 1603
8401 7831 712
5791 3946 4347
2332 6284 7617
7483 1375 6285
3036 3637 457
1540 1826 9966
6990 1619 4899
2555 4557 509
8980 2668 2803
8556 8018 7927
159 2771 2110
7224 4915 2408
1571 7247 5044
5540 4730 6420
1826 4118 6409
2283 5658 4587
2249 2649 2558
3501 1556 7115
4010 536 6135
6814 5445 505
1093 5604 9629
3203 2828 4544
1963 752 1791
7007 6292 2873
3427 4470 6991
6188 6753 2650
776 5355 1651
3334 8856 3207
6802 9218 95
9289 6032 5540
9795 3477 7497
9424 3032 6677
3968 4995 7429
2111 2003 74
1336 1782 4544
4679 7971 7650
3681 5099 3005
5332 8433 8213
4891 1587 7431
1339 877 9816
6879 672 3293
728 6448 6326
7406 6768 1321
1187 5231 9676
1261 6567 1459
2158 1246 9430
9808 4928 4529
9165 6612 9314
7378 7856 902
4809 9195 1779
4625 6074 8803
7919 3155 5251
597 561 8371
8270 1748 3602
7947 9362 6521
9406 7872 7767
8836 7680 9047
9717 6845 5660
5383 4223 3516
6285 5384 9063
4416 10 5137
3219 4281 8292
4822 1230 5205
3193 9500 3306
3147 7447 9020
9668 6853 6892
3788 2041 924
2835 8110 7769
4847 3494 8344
4715 6131 3728
3778 6900 90
5268 119 723
9912 1294 1953
5118 839 7806
4776 3987 5253
3796 3655 8459
7040 7443 6852
7964 6631 1315
2085 1478 1161
6781 2546 3644
6861 6324 544
6952 1592 7016
4027 7857 8310
2333 9327 5501
139 4103 9488
1744 4251 9496
6555 1291 3291
9760 5607 9922
1075 7692 7753
8588 4473 299
2232 1334 2975
2777 4638 4568
6145 5018 8777
4455 7351 8104
6308 7490 2207
5797 5586 6458
1645 2142 4101
1288 1902 9708
7563 9329 7400
5316 7917 8225
1967 6501 9559
4942 5630 550
5862 1775 5568
4639 2582 2919
2743 8891 6761
4950 1040 8699
7760 9037 841
1861 325 9095
7921 7888 8424
1673 9556 2693
9898 1523 9195
5810 2818 1177
6360 8680 2953
8280 3320 5535
7551 2415 778
664 3718 1818
9363 1478 855
205 9692 7533
5652 3965 1773
4077 5639 1330
3122 5537 9205
8669 7699 2023
9847 411 704
2800 8691 376
4687 2594 2791
5466 3258 6509
3636 2622 4340
844 9179 384
8377 4831 4349
6502 5260 9988
7832 8383 5526
7038 3404 3225
9061 3251 3637
6117 2403 8680
6493 3443 1275
5637 5261 4533
8498 8897 3507
2838 6093 2686
3222 822 7518
7572 7325 2778
7560 5157 7513
9438 8547 918
9016 3961 521
9005 78 2925
7685 2924 6368
5312 8561 1629
9846 3411 6878
9705 6250 2972
2392 5824 3794
6262 3396 7471
5392 7309 2629
2906 6747 7528
176 5763 1489
697 1120 1568
3622 8806 844
6342 4118 5757
4323 316 9168
1202 22 5418
526 8766 1243
672 5028 991
8144 420 8300
7125 9678 1400
4653 9854 3515
6143 552 4636
4063 526 9794
4907 3221 264
664 7544 581
6184 5098 6955
1603 5624 5721
9198 6297 7101
6541 793 7521
4842 7918 7200
6242 8923 3406
9757 1418 3958
745 5481 837
539 6740 4058
804 3756 7954
7737 9941 3053
4692 7896 8677
6765 3446 1326
3866 9987 2119
7739 4829 6389
4939 7423 5313
4698 3533 6731
8656 4278 8565
5845 1170 1657
6255 1974 5414
4210 9711 1707
7263 755 5955
5940 3872 9401
3619 7738 5740
5738 5477 6922
2128 6769 4345
3793 1467 4230
524 6475 4861
5441 8673 6031
3451 4928 4357
5217 9138 4068
6924 6401 1175
9231 8694 5047
8632 2313 9137
724 8051 966
7646 6531 7735
8344 324 5554
2574 7201 8382
7435 8994 7055
9818 2445 1983
4175 7662 1122
4595 938 3875
5770 169 2569
7169 5153 4882
6306 5878 9286
7273 3524 5817
1360 8220 2494
3267 795 9695
1649 4582 8689
5056 753 7487
7039 4928 5149
4513 9524 6088
8389 1646 6257
7310 5168 1411
2193 1474 7289
7831 5099 7165
3648 2812 5386
2494 6079 2533
2189 4080 3467
7231 5488 572
4718 8879 5501
6219 3393 1377
2307 8134 9375
8565 5444 4543
6328 3989 2370
9969 1820 3821
3486 1821 6633
5224 4315 9064
4109 6505 9496
7577 88 4984
4501 1158 3864
2 7377 3609
7731 9685 8095
3459 4602 3539
8002 7282 7529
6724 7251 9349
546 7089 1170
7179 2314 1838
2596 6423 8343
2092 352 4783
3429 4854 5941
3645 1208 3318
7254 5292 9355
5349 8751 3957
5240 3105 7591
2769 9830 4842
8471 376 1932
5993 3907 598
7831 6503 7021
2526 4948 3726
7309 8377 8580
9602 2022 6140
2921 5628 1432
8628 7329 183
2586 2569 3289
6529 1691 3119
1372 162 9847
9656 2507 3754
254 339 6610
3627 9217 7910
7353 6527 6287
2285 6129 4661
4778 5402 6641
6210 4031 3970
6394 2969 2891
6035 9498 4582
5506 7222 1096
5353 3230 3604
5459 9836 295
8421 3464 9512
6331 7169 2391
8970 5807 8521
9983 585 275
6624 6795 658
6946 9541 3627
6190 1928 9478
772 7434 6700
8221 2787 9931
1825 4599 9767
8472 3020 9583
7984 5704 3105
376 1026 8912
5249 1010 5849
5524 3986 8996
6183 7285 8538
6162 3475 466
5640 599 4253
8693 8820 7040
8624 6997 7991
4743 5469 7364
679 3454 3068
3784 3830 446
9048 5431 1456
4897 955 1795
3893 3490 5432
8783 9653 8907
5602 1645 5858
9855 338 4679
3247 8962 1676
7591 58 3498
4955 737 6952
4375 873 7134
4821 9921 2565
2630 1170 9872
777 1415 3363
6209 199 9368
1468 2153 1013
7326 8360 1352
8357 1607 6666
6386 5550 6724
9884 505 3813
3188 4880 4686
322 6054 959
9239 8684 2129
9111 9461 3545
8826 2022 96
8194 3490 2249
9208 7168 609
560 5526 8568
7226 1912 4119
303 8148 976
4116 1336 2209
5155 8010 8263
6114 7249 6947
8244 6360 2760
1789 1539 4782
1885 9733 4624
486 8941 1792
1095 9501 7318
6015 3080 5582
6486 3383 3730
7463 3851 5066
9672 9006 3076
7935 5121 6677
1234 3365 9390
346 1506 929
5128 9743 662
9752 229 5956
1544 7676 5457
5215 3691 4889
797 178 4624
880 3993 8476
2298 3665 7482
1727 7952 8955
8404 5538 8672
7794 5884 178
5075 7364 9921
5738 3468 150
1694 5012 7826
3503 6579 7870
4745 3729 4400
9369 4609 8393
7845 6907 8410
1680 4986 2714
635 3391 8252
9308 7537 4136
9486 2613 7852
5760 4703 1320
2262 2749 2684
6441 2604 9264
4311 7349 2993
8711 3071 3954
3456 916 7213
1866 2596 2200
4580 9584 5591
2832 8892 9480
3320 4730 8445
1172 6842 3148
8844 9105 2249
1528 5546 4854
792 6209 8555
137 4920 1626
443 8376 8895
7657 6594 7843
9857 7526 7427
1800 358 2671
1280 30 7402
9726 7554 4244
9226 6398 9701
7828 4278 5247
2682 5071 1456
7589 1560 2728
5568 2004 7456
4463 9661 4050
8658 5870 1576
6086 7670 8286
8757 8950 4668
2511 5028 8574
3108 607 1324
2809 8435 5603
4409 7469 7026
5865 1410 8586
4946 6978 6942
8754 7793 6603
2805 6452 8825
733 8890 6495
5372 3999 1798
6392 6511 6826
4967 5971 3785
2643 8780 2220
8246 3189 6041
5272 5407 7452
211 6705 4430
7153 5459 2224
109 4616 5028
8934 1702 3918
5430 3426 7917
3580 9818 780
6758 1137 6751
544 3781 1884
9116 8379 5073
5158 4 6832
2610 215 9889
7040 7368 5349
5616 3829 6317
644 2764 8019
914 4546 1445
8832 4478 7616
9612 1236 5105
6364 1780 5238
8248 7249 3618
9673 2407 3622
2858 5017 189
9099 8409 3909
4448 378 7739
766 7374 6855
5137 8289 7753
2935 7121 2231
551 3085 3467
2008 5801 1600
7247 401 8849
7217 75 7608
839 9285 2625
1028 8384 7386
4937 9185 4116
9028 6303 1491
5883 7792 9780
9988 727 3253
2219 7630 6338
2039 9639 2140
9991 6886 2541
5192 4103 8968
2800 1294 4605
1777 8674 9342
9163 3611 4879
9632 8992 1182
1123 1227 8974
7255 1216 6054
508 9787 3684
6846 1826 3323
5338 8169 209
4232 3361 664
9552 6161 1958
4158 7938 632
3500 3454 596
4731 3086 9588
5913 561 815
1239 7816 8383
7293 8324 8171
978 1522 6349
653 3213 4519
7215 7445 7880
7879 6997 394
9838 1155 4684
6822 1007 8138
7418 5738 7576
3358 8003 4489
526 5595 2305
8909 2888 6981
7080 218 8504
9782 7224 1717
4301 4439 5514
8533 2318 2511
8927 8508 19
3612 5331 7378
8102 2749 9469
2031 6108 7472
6520 6634 3067
5178 1895 2308
2159 8976 8878
663 5110 6102
8732 9411 541
4246 4296 9212
3110 3224 7720
3129 3188 3051
507 1290 5801
9976 3321 8261
3801 6194 1247
6868 1372 3142
5528 3531 2118
759 547 3580
6861 5631 2991
3755 9878 7288
2967 2988 6864
687 2469 52
91 2976 7694
2244 9305 7368
505 3106 3562
1752 6326 1286
4894 1855 4817
3365 8966 1716
6945 5827 7348
6289 5934 3578
9929 5253 2918
6793 2293 5387
6845 2384 8363
891 4628 7668
8259 1485 7126
1821 3237 3453
3107 4483 5308
4277 4200 4274
5993 1146 6453
9693 3787 8740
3271 3716 3993
2541 509 2638
7928 3706 5022
2644 4597 6002
6664 9209 7487
3791 1030 724
7244 490 1560
8904 1119 5760
9530 3464 3258
2335 9510 7045
1075 9133 761
1421 1675 7622
4059 9603 7680
5434 8599 8630
1436 1616 7839
8924 5407 5221
6000 9003 2063
7560 4259 9534
3321 3789 2999
2931 6124 2509
9977 3552 1642
7090 4973 9669
1065 5384 9273
8745 818 4224
3727 2255 5840
7918 7531 7599
9492 3531 6602
7907 7444 861
7442 7117 1002
6793 48 7127
5654 25 7031
7296 7116 8356
6966 4533 3740
2591 9630 4559
3167 3358 3166
9008 7628 697
6607 3472 4228
9562 1380 1672
6775 5174 8789
7778 1967 5190
1257 7621 5215
8288 1269 8683
6644 4587 3216
6736 3530 9199
1295 6698 2557
4461 2058 6537
1510 8665 10
5739 4579 7742
3763 1355 2916
8905 9133 1235
4095 390 5208
5662 5030 2829
698 8026 7417
266 4762 947
9465 6058 3997
8374 6871 6055
4912 8382 1073
1274 473 5652
5368 588 3359
4636 5845 2492
5871 9940 9234
7431 1955 616
260 2653 8642
4029 2919 3405
4977 8737 5815
5326 7111 2686
1382 2023 7420
8807 9649 4245
4459 5017 4834
4171 9653 679
3015 1876 6972
2250 5659 8927
2866 5920 7932
7861 9949 7203
1266 1278 5940
7081 6605 3052
6119 4339 1427
3540 3146 7429
7785 3957 8798
8971 4480 4804
6003 7496 6680
2975 9746 2340
8254 8964 4612
2538 6825 4561
9741 4443 2192
5682 1524 5149
5086 7644 9488
2865 7536 8986
294 1673 9295
9093 645 3776
3897 3000 1272
6929 5975 7370
5621 581 6334
233 3119 9512
1147 2860 3955
3339 4894 1832
8488 6332 9476
4328 9198 3364
9666 9492 5037
8961 4937 2034
9089 5186 5034
361 2116 7361
7731 7737 7942
418 4323 7413
6282 5470 274
6589 5161 1520
8421 1 4205
7897 681 3403
7613 347 9247
9003 5660 537
7389 4750 5723
8776 1463 7839
6137 9195 1929
432 5965 6252
7845 8599 8074
4471 5188 9587
2344 3610 5940
6549 7859 6621
6304 5473 3320
5551 4476 8980
6088 8217 3730
8164 6993 5194
6003 9483 741
7932 9915 3058
536 4112 1657
4962 4936 6845
901 3632 455
6841 181 8315
3462 2837 140
6782 4740 968
2115 7181 9185
2197 5345 6179
7391 1348 5662
4484 5633 1929
7542 2521 2393
5551 7484 7329
2397 8385 961
9204 1579 7494
3871 1393 331
363 8176 5072
1331 6643 2253
517 8840 7598
3048 6232 5298
5062 7068 931
6991 963 9805
9384 6514 3641
3066 5263 8378
4027 820 9957
7874 4691 1351
8205 1407 5879
9629 2738 2522
8234 9607 1362
5832 9007 3946
7483 4069 1015
8414 7412 8330
4571 6797 4844
8212 9863 6460
6591 242 7280
6548 4468 8323
7899 2674 9730
3778 8655 8821
2652 6890 4780
4015 9074 3788
4313 6557 4209
1680 1324 1622
10 5895 4771
1207 4108 986
7667 699 1228
1299 7247 2049
9622 1499 4723
5705 1629 9730
4526 634 6620
5658 4649 5695
9446 5314 2252
3656 6995 3576
1630 3357 5824
6401 4564 9932
7387 2231 631
4967 9882 4230
7016 9505 2081
8091 5210 63
7822 6088 697
794 1746 1698
6489 7545 7012
5094 7553 359
5022 9183 3717
7198 5584 8281
7130 9323 6865
4113 4290 6747
4696 1307 2604
6777 9398 4166
3192 3572 6606
3889 4367 4705
1939 7208 2250
5304 8654 9803
5663 29 5338
5732 7227 7274
366 4358 6597
3583 4823 887
6682 9519 8546
9287 2649 4297
9805 5841 7869
6412 6083 8588
1117 8022 5797
9719 3326 803
5874 5342 832
1212 1074 4412
8486 1440 8770
5083 5023 9945
2322 1706 9465
869 7345 2114
5166 7150 4307
9387 9914 390
7976 7383 8413
125 7102 8091
928 2976 3433
8113 4188 4508
2525 9026 2300
7647 461 3676
