desc: I1 cache:         32768 B, 64 B, 8-way associative
desc: D1 cache:         32768 B, 64 B, 8-way associative
desc: LL cache:         3145728 B, 64 B, 12-way associative
cmd: ./life3d InputFiles/s150e10k.in 1000
events: Ir I1mr ILmr Dr D1mr DLmr Dw D1mw DLmw 
fl=/build/eglibc-MjiXCM/eglibc-2.19/csu/../csu/init-first.c
fn=_init
52 8 1 1 0 0 0 4 0 0
58 4 1 1 1 0 0 1 1 1
65 5 1 1 4 0 0 0 0 0
70 1 0 0 0 0 0 1 1 1
71 1 0 0 0 0 0 1 0 0
72 2 0 0 1 1 0 1 1 1
86 4 0 0 0 0 0 1 0 0
94 1 0 0 0 0 0 1 0 0
99 6 0 0 5 0 0 0 0 0
fl=/build/eglibc-MjiXCM/eglibc-2.19/csu/../sysdeps/generic/dl-hash.h
fn=_init
43 1 0 0 0 0 0 0 0 0
44 1 0 0 0 0 0 0 0 0
45 13 0 0 4 0 0 0 0 0
48 12 0 0 0 0 0 0 0 0
49 8 0 0 0 0 0 0 0 0
62 8 0 0 0 0 0 0 0 0
67 1 1 1 0 0 0 0 0 0
fl=/build/eglibc-MjiXCM/eglibc-2.19/csu/../sysdeps/unix/sysv/linux/x86_64/init-first.c
fn=_init
38 7 1 1 0 0 0 4 0 0
40 4 0 0 0 0 0 1 0 0
41 2 0 0 0 0 0 0 0 0
42 2 1 1 0 0 0 0 0 0
43 2 1 1 1 0 0 0 0 0
44 1 0 0 0 0 0 1 1 0
46 3 0 0 0 0 0 1 0 0
50 3 0 0 0 0 0 0 0 0
51 2 0 0 1 0 0 0 0 0
52 1 0 0 0 0 0 1 0 0
fl=/build/eglibc-MjiXCM/eglibc-2.19/csu/../sysdeps/x86_64/multiarch/init-arch.c
fn=__init_cpu_features
31 7 1 1 0 0 0 4 0 0
37 3 0 0 0 0 0 0 0 0
38 3 0 0 0 0 0 0 0 0
39 2 0 0 0 0 0 0 0 0
45 1 0 0 0 0 0 1 0 0
54 3 1 1 0 0 0 1 0 0
57 6 0 0 0 0 0 0 0 0
59 3 0 0 0 0 0 0 0 0
65 3 0 0 0 0 0 0 0 0
66 2 1 1 0 0 0 0 0 0
71 2 0 0 0 0 0 0 0 0
74 12 1 1 0 0 0 0 0 0
101 2 1 1 0 0 0 0 0 0
123 1 0 0 1 1 1 0 0 0
127 1 1 1 0 0 0 0 0 0
152 2 1 1 1 0 0 0 0 0
153 7 0 0 0 0 0 4 0 0
160 3 0 0 1 0 0 0 0 0
164 2 0 0 0 0 0 0 0 0
166 3 1 1 0 0 0 0 0 0
170 2 1 1 0 0 0 0 0 0
171 1 0 0 1 0 0 0 0 0
173 2 0 0 0 0 0 0 0 0
176 2 0 0 1 0 0 0 0 0
184 6 1 1 0 0 0 0 0 0
185 5 0 0 0 0 0 0 0 0
186 2 0 0 0 0 0 0 0 0
189 1 0 0 0 0 0 1 0 0
190 1 0 0 0 0 0 1 0 0
192 1 0 0 0 0 0 1 0 0
193 2 0 0 2 0 0 0 0 0
fl=/build/eglibc-MjiXCM/eglibc-2.19/csu/libc-start.c
fn=(below main)
133 10 1 1 0 0 0 8 0 0
137 7 2 2 1 0 0 1 0 0
219 2 0 0 0 0 0 0 0 0
220 4 0 0 0 0 0 1 0 0
242 6 0 0 2 0 0 0 0 0
245 2 0 0 0 0 0 0 0 0
246 5 1 1 4 0 0 1 0 0
250 4 0 0 2 0 0 0 0 0
265 2 0 0 0 0 0 0 0 0
274 2 0 0 0 0 0 1 0 0
275 2 1 1 0 0 0 0 0 0
280 2 0 0 1 1 0 1 0 0
281 2 0 0 1 1 0 1 0 0
284 2 0 0 0 0 0 1 0 0
287 6 0 0 5 0 0 1 0 0
fl=/build/eglibc-MjiXCM/eglibc-2.19/ctype/ctype-info.c
fn=__ctype_init
31 7 2 2 5 3 0 1 0 0
33 4 0 0 2 0 0 1 0 0
35 5 1 1 3 0 0 1 0 0
fl=/build/eglibc-MjiXCM/eglibc-2.19/elf/../elf/dl-runtime.c
fn=_dl_fixup
66 80 2 2 0 0 0 48 0 0
68 16 0 0 16 0 0 0 0 0
69 32 0 0 32 14 0 0 0 0
72 80 0 0 32 20 0 0 0 0
73 112 0 0 32 19 0 16 0 0
74 48 1 1 32 10 0 0 0 0
79 32 0 0 0 0 0 0 0 0
83 32 0 0 16 14 4 0 0 0
85 2 0 0 0 0 0 0 0 0
87 48 0 0 16 11 0 0 0 0
91 30 0 0 30 19 0 0 0 0
92 60 1 1 15 7 0 0 0 0
94 60 0 0 15 8 0 0 0 0
100 16 0 0 0 0 0 0 0 0
101 48 0 0 16 3 0 0 0 0
108 32 0 0 16 8 0 16 0 0
111 160 1 1 32 10 0 48 0 0
115 48 0 0 16 0 0 0 0 0
119 64 1 1 16 0 0 16 0 0
125 96 0 0 32 0 0 0 0 0
133 16 0 0 16 0 0 0 0 0
141 64 0 0 16 0 0 0 0 0
145 48 0 0 16 6 0 0 0 0
149 80 0 0 64 0 0 0 0 0
fl=/build/eglibc-MjiXCM/eglibc-2.19/elf/../elf/dl-sysdep.c
fn=_dl_sysdep_start
86 8 1 1 0 0 0 7 1 1
87 2 0 0 0 0 0 0 0 0
88 1 0 0 0 0 0 0 0 0
110 1 0 0 0 0 0 1 0 0
111 243 1 1 79 11 11 4 3 3
114 2 0 0 0 0 0 1 0 0
115 1 0 0 0 0 0 1 1 1
117 90 4 4 23 1 1 10 0 0
118 111 0 0 21 3 3 0 0 0
121 1 0 0 1 0 0 0 0 0
122 1 0 0 0 0 0 0 0 0
124 1 0 0 1 1 1 0 0 0
125 1 0 0 0 0 0 0 0 0
127 1 1 1 1 1 1 0 0 0
128 1 0 0 0 0 0 0 0 0
130 1 0 0 1 0 0 0 0 0
131 1 0 0 0 0 0 0 0 0
151 1 1 1 1 1 1 0 0 0
152 1 0 0 0 0 0 0 0 0
154 1 0 0 1 0 0 0 0 0
155 1 0 0 0 0 0 0 0 0
157 1 1 1 1 0 0 0 0 0
158 1 0 0 0 0 0 0 0 0
163 1 0 0 1 0 0 0 0 0
164 1 0 0 0 0 0 0 0 0
179 1 0 0 1 0 0 0 0 0
180 1 0 0 0 0 0 0 0 0
232 3 1 1 0 0 0 2 0 0
234 5 0 0 0 0 0 1 0 0
246 3 1 1 1 0 0 0 0 0
249 6 0 0 2 0 0 1 0 0
250 1 0 0 1 1 0 0 0 0
251 8 0 0 7 1 0 0 0 0
fn=_dl_sysdep_start_cleanup
256 1 1 1 1 0 0 0 0 0
fl=/build/eglibc-MjiXCM/eglibc-2.19/elf/../misc/sbrk.c
fn=sbrk
34 4 1 1 0 0 0 2 0 0
42 6 0 0 2 0 0 0 0 0
46 2 1 1 0 0 0 0 0 0
57 5 0 0 3 0 0 0 0 0
fl=/build/eglibc-MjiXCM/eglibc-2.19/elf/../sysdeps/unix/sysv/linux/dl-osinfo.h
fn=security_init
61 2 0 0 0 0 0 0 0 0
84 2 1 1 1 0 0 1 0 0
86 1 1 1 1 0 0 0 0 0
93 1 0 0 1 0 0 0 0 0
101 2 0 0 0 0 0 0 0 0
112 1 0 0 1 0 0 0 0 0
fl=/build/eglibc-MjiXCM/eglibc-2.19/elf/../sysdeps/unix/sysv/linux/dl-sysdep.c
fn=_dl_discover_osversion
45 7 1 1 0 0 0 6 0 0
47 3 0 0 1 0 0 0 0 0
87 5 1 1 0 0 0 1 1 1
102 1 0 0 0 0 0 0 0 0
106 1 0 0 0 0 0 0 0 0
107 1 0 0 0 0 0 0 0 0
109 12 1 1 3 1 1 0 0 0
111 6 0 0 0 0 0 0 0 0
113 12 0 0 3 0 0 0 0 0
119 3 0 0 0 0 0 0 0 0
120 3 0 0 0 0 0 0 0 0
121 3 0 0 0 0 0 0 0 0
123 13 1 1 0 0 0 0 0 0
128 2 0 0 0 0 0 0 0 0
132 8 0 0 7 0 0 0 0 0
fn=_dl_sysdep_start
35 2 0 0 0 0 0 1 1 1
fl=/build/eglibc-MjiXCM/eglibc-2.19/elf/../sysdeps/unix/sysv/linux/dl-vdso.c
fn=_dl_vdso_vsym
26 4 0 0 0 0 0 0 0 0
27 8 1 1 8 1 0 0 0 0
28 8 1 1 4 0 0 0 0 0
31 8 0 0 0 0 0 0 0 0
fl=/build/eglibc-MjiXCM/eglibc-2.19/elf/../sysdeps/unix/sysv/linux/x86_64/brk.c
fn=brk
28 1 0 0 0 0 0 0 0 0
31 7 1 1 0 0 0 1 1 1
33 2 0 0 0 0 0 0 0 0
39 1 0 0 0 0 0 0 0 0
40 1 0 0 1 0 0 0 0 0
fl=/build/eglibc-MjiXCM/eglibc-2.19/elf/../sysdeps/x86_64/dl-machine.h
fn=_dl_fixup
210 16 1 1 0 0 0 16 0 0
fn=_dl_relocate_object
71 16 0 0 4 0 0 0 0 0
77 6 1 1 6 2 0 0 0 0
81 9 1 1 3 3 2 0 0 0
87 3 0 0 0 0 0 3 0 0
95 9 0 0 3 0 0 0 0 0
108 6 0 0 0 0 0 3 0 0
111 12 1 1 3 2 0 0 0 0
244 200 0 0 0 0 0 0 0 0
265 200 1 1 0 0 0 0 0 0
269 200 0 0 0 0 0 0 0 0
276 3998 11 11 793 86 74 702 3 0
278 455 1 1 188 0 0 0 0 0
281 376 0 0 94 0 0 0 0 0
287 700 0 0 100 3 3 0 0 0
320 2 1 1 0 0 0 0 0 0
321 3 0 0 1 0 0 1 0 0
382 30 1 1 10 0 0 0 0 0
386 50 1 1 10 1 0 0 0 0
391 50 0 0 20 1 1 10 8 8
410 267 1 1 89 11 10 89 11 6
422 18 0 0 0 0 0 6 0 0
487 3582 0 0 1194 299 299 0 0 0
492 2388 0 0 0 0 0 0 0 0
493 3582 0 0 1194 149 149 1194 227 225
503 55 0 0 30 0 0 0 0 0
507 50 0 0 0 0 0 0 0 0
509 75 0 0 25 0 0 0 0 0
510 25 0 0 25 4 3 0 0 0
527 10 0 0 10 1 1 0 0 0
529 5 0 0 0 0 0 5 0 0
530 5 0 0 0 0 0 5 0 0
fn=_dl_start
58 3 0 0 1 1 1 0 0 0
241 9 1 1 0 0 0 0 0 0
269 18 0 0 0 0 0 0 0 0
278 36 0 0 18 2 2 0 0 0
281 36 0 0 9 5 5 0 0 0
287 55 0 0 9 2 2 0 0 0
391 9 1 1 9 1 1 0 0 0
400 9 0 0 0 0 0 9 2 2
492 20 0 0 10 1 1 0 0 0
493 30 0 0 10 1 1 10 2 2
fn=_dl_sysdep_start
200 5 0 0 2 1 1 0 0 0
fl=/build/eglibc-MjiXCM/eglibc-2.19/elf/../sysdeps/x86_64/dl-trampoline.S
fn=_dl_runtime_resolve
34 16 1 1 0 0 0 0 0 0
36 16 0 0 0 0 0 16 0 0
37 16 0 0 0 0 0 16 0 0
38 16 0 0 0 0 0 16 0 0
39 16 0 0 0 0 0 16 0 0
40 16 0 0 0 0 0 16 0 0
41 16 1 1 0 0 0 16 0 0
42 16 0 0 0 0 0 16 0 0
43 16 0 0 16 0 0 0 0 0
44 16 0 0 16 0 0 0 0 0
45 16 0 0 0 0 0 16 0 0
46 16 0 0 0 0 0 0 0 0
47 16 0 0 16 0 0 0 0 0
48 16 0 0 16 0 0 0 0 0
49 16 0 0 16 0 0 0 0 0
50 16 0 0 16 0 0 0 0 0
51 16 0 0 16 0 0 0 0 0
52 16 0 0 16 0 0 0 0 0
53 16 0 0 16 0 0 0 0 0
54 16 0 0 0 0 0 0 0 0
56 16 1 1 0 0 0 0 0 0
fl=/build/eglibc-MjiXCM/eglibc-2.19/elf/dl-addr.c
fn=_dl_addr
30 2 0 0 1 0 0 1 0 0
31 2 0 0 1 0 0 1 0 0
34 2 0 0 1 0 0 0 0 0
38 1 0 0 1 0 0 0 0 0
39 1 0 0 1 0 0 0 0 0
40 3 1 1 2 0 0 1 0 0
42 2 0 0 2 0 0 0 0 0
45 2 0 0 1 1 0 0 0 0
50 2029 0 0 2 0 0 0 0 0
52 1011 0 0 1011 59 22 0 0 0
53 2022 0 0 0 0 0 0 0 0
55 4930 1 1 905 0 0 0 0 0
61 11075 0 0 2215 472 429 0 0 0
63 8860 0 0 2215 0 0 0 0 0
64 16270 1 1 5089 350 320 0 0 0
69 2215 0 0 0 0 0 0 0 0
71 7656 1 1 2215 134 80 0 0 0
99 3 0 0 1 1 0 0 0 0
100 1 0 0 0 0 0 1 1 0
101 3 0 0 1 0 0 0 0 0
104 2 0 0 0 0 0 0 0 0
116 1 1 1 0 0 0 1 1 0
117 1 0 0 0 0 0 1 0 0
126 11 1 1 0 0 0 8 0 0
131 3 0 0 2 1 0 1 0 0
133 2 0 0 0 0 0 1 0 0
135 2 1 1 0 0 0 0 0 0
138 2 0 0 0 0 0 0 0 0
141 3 1 1 2 2 0 1 1 0
144 9 0 0 7 0 0 0 0 0
fl=/build/eglibc-MjiXCM/eglibc-2.19/elf/dl-altinit.c
fn=dlinit_alt
33 3 0 0 2 0 0 0 0 0
34 1 0 0 1 0 0 0 0 0
fl=/build/eglibc-MjiXCM/eglibc-2.19/elf/dl-cache.c
fn=_dl_cache_libcmp
138 30 1 1 20 9 9 0 0 0
139 104 0 0 0 0 0 0 0 0
141 153 0 0 0 0 0 0 0 0
143 53 0 0 0 0 0 0 0 0
149 3 1 1 0 0 0 0 0 0
150 2 0 0 0 0 0 0 0 0
151 4 0 0 1 0 0 0 0 0
153 5 1 1 1 0 0 0 0 0
155 2 0 0 0 0 0 0 0 0
161 100 1 1 0 0 0 0 0 0
163 182 0 0 82 1 1 0 0 0
164 9 0 0 0 0 0 0 0 0
167 41 0 0 0 0 0 0 0 0
168 41 0 0 0 0 0 0 0 0
171 2 0 0 0 0 0 0 0 0
172 20 0 0 10 0 0 0 0 0
fn=_dl_load_cache_lookup
182 8 1 1 0 0 0 6 0 0
190 2 0 0 1 0 0 0 0 0
193 3 0 0 1 0 0 0 0 0
196 5 1 1 0 0 0 1 0 0
204 5 0 0 1 0 0 0 0 0
205 6 1 1 0 0 0 1 0 0
209 1 0 0 0 0 0 1 0 0
212 4 0 0 1 0 0 0 0 0
215 2 0 0 0 0 0 1 0 0
216 3 0 0 0 0 0 0 0 0
217 5 1 1 0 0 0 1 0 0
219 2 0 0 0 0 0 0 0 0
244 3 1 1 1 0 0 0 0 0
253 5 0 0 2 0 0 1 0 0
259 4 0 0 0 0 0 2 0 0
263 7 1 1 2 0 0 2 0 0
264 6 0 0 3 0 0 0 0 0
278 234 9 9 30 9 9 11 0 0
294 2 1 1 1 0 0 0 0 0
299 9 0 0 7 0 0 0 0 0
fn=_dl_unload_cache
308 1 0 0 0 0 0 0 0 0
309 4 1 1 1 1 0 0 0 0
311 2 0 0 1 1 0 1 0 0
312 1 0 0 0 0 0 1 0 0
314 2 0 0 1 0 0 0 0 0
fl=/build/eglibc-MjiXCM/eglibc-2.19/elf/dl-debug.c
fn=_dl_debug_initialize
50 8 1 1 0 0 0 0 0 0
51 4 1 1 4 0 0 0 0 0
55 14 0 0 4 1 0 0 0 0
58 1 0 0 0 0 0 1 0 0
59 2 0 0 0 0 0 1 0 0
60 6 0 0 2 0 0 1 0 0
61 2 0 0 0 0 0 1 0 0
fn=_dl_debug_state
74 2 0 0 2 0 0 0 0 0
fl=/build/eglibc-MjiXCM/eglibc-2.19/elf/dl-deps.c
fn=_dl_map_object_deps
147 11 2 2 0 0 0 9 0 0
148 9 0 0 0 0 0 1 0 0
160 6 0 0 0 0 0 2 0 0
161 2 1 1 0 0 0 2 0 0
162 10 0 0 0 0 0 3 0 0
164 1 0 0 0 0 0 0 0 0
168 8 1 1 2 0 0 2 0 0
178 8 0 0 1 0 0 0 0 0
179 1 0 0 1 0 0 0 0 0
182 3 0 0 0 0 0 2 0 0
188 1 0 0 0 0 0 1 0 0
189 1 0 0 0 0 0 1 0 0
201 2 1 1 1 0 0 1 0 0
202 1 0 0 0 0 0 0 0 0
203 1 0 0 0 0 0 1 0 0
204 2 1 1 0 0 0 2 0 0
209 4 0 0 0 0 0 0 0 0
210 4 0 0 0 0 0 0 0 0
213 4 1 1 0 0 0 4 0 0
217 16 1 1 8 0 0 0 0 0
218 17 1 1 7 0 0 0 0 0
220 2 0 0 0 0 0 0 0 0
222 6 0 0 4 0 0 0 0 0
224 26 1 1 2 0 0 4 0 0
229 16 0 0 8 0 0 0 0 0
231 6 0 0 4 0 0 2 0 0
236 2 0 0 0 0 0 2 0 0
237 2 0 0 0 0 0 2 0 0
238 4 0 0 2 0 0 2 0 0
239 4 0 0 2 0 0 2 0 0
242 206 1 1 54 0 0 2 0 0
243 96 1 1 0 0 0 0 0 0
249 14 0 0 4 0 0 2 0 0
251 2 0 0 0 0 0 2 0 0
254 12 1 1 8 0 0 2 0 0
256 6 0 0 2 0 0 0 0 0
271 2 0 0 2 0 0 0 0 0
273 4 0 0 2 0 0 0 0 0
278 6 1 1 0 0 0 0 0 0
281 2 0 0 0 0 0 2 0 0
282 2 0 0 0 0 0 2 0 0
283 2 0 0 0 0 0 2 0 0
284 4 0 0 2 0 0 2 0 0
286 8 1 1 2 0 0 2 0 0
288 10 0 0 2 0 0 4 0 0
292 4 0 0 0 0 0 0 0 0
293 3 0 0 0 0 0 1 0 0
295 138 2 2 0 0 0 0 0 0
343 9 0 0 0 0 0 4 0 0
471 8 0 0 0 0 0 0 0 0
473 6 0 0 0 0 0 2 0 0
475 4 0 0 0 0 0 2 0 0
476 4 1 1 0 0 0 0 0 0
477 4 0 0 0 0 0 0 0 0
480 2 0 0 0 0 0 2 0 0
481 12 0 0 0 0 0 2 0 0
482 10 0 0 0 0 0 2 0 0
485 2 0 0 0 0 0 2 0 0
486 2 0 0 2 0 0 0 0 0
490 16 1 1 8 0 0 0 0 0
492 4 1 1 4 0 0 0 0 0
493 17 0 0 3 0 0 0 0 0
497 6 0 0 2 0 0 0 0 0
498 2 0 0 1 0 0 1 0 0
501 5 1 1 2 0 0 1 0 0
511 2 1 1 0 0 0 1 0 0
512 3 0 0 1 0 0 0 0 0
514 2 0 0 0 0 0 0 0 0
519 7 0 0 2 0 0 1 0 0
520 4 0 0 1 0 0 1 0 0
522 23 1 1 9 0 0 1 0 0
528 12 0 0 4 0 0 4 1 1
532 8 0 0 8 0 0 0 0 0
535 2 0 0 1 0 0 0 0 0
586 6 1 1 3 0 0 1 0 0
587 1 1 1 0 0 0 1 0 0
588 3 0 0 1 0 0 0 0 0
623 7 1 1 1 0 0 2 0 0
625 3 0 0 0 0 0 0 0 0
629 16 1 1 6 0 0 3 0 0
630 8 2 2 0 0 0 2 0 0
631 3 0 0 1 0 0 1 0 0
635 3 0 0 3 0 0 0 0 0
636 6 0 0 3 0 0 0 0 0
642 17 0 0 3 0 0 0 0 0
644 12 0 0 6 0 0 0 0 0
645 8 0 0 0 0 0 0 0 0
647 9 0 0 3 0 0 0 0 0
648 6 0 0 0 0 0 0 0 0
658 2 2 2 2 0 0 0 0 0
670 3 1 1 0 0 0 0 0 0
673 9 0 0 3 0 0 0 0 0
676 35 0 0 9 0 0 9 0 0
683 2 0 0 1 0 0 1 0 0
685 2 0 0 1 0 0 1 0 0
686 1 0 0 1 0 0 0 0 0
687 3 0 0 1 0 0 0 0 0
694 3 0 0 1 0 0 0 0 0
697 2 0 0 0 0 0 0 0 0
700 8 0 0 7 0 0 0 0 0
fn=openaux
60 4 1 1 0 0 0 2 0 0
63 20 0 0 8 0 0 4 0 0
64 4 1 1 2 0 0 0 0 0
67 2 0 0 2 0 0 0 0 0
68 4 0 0 4 0 0 0 0 0
fl=/build/eglibc-MjiXCM/eglibc-2.19/elf/dl-environ.c
fn=_dl_next_ld_env_entry
30 3 1 1 3 0 0 0 0 0
31 1 0 0 0 0 0 0 0 0
33 236 0 0 78 0 0 0 0 0
35 154 0 0 77 35 35 0 0 0
36 40 1 1 19 0 0 0 0 0
38 2 0 0 0 0 0 0 0 0
41 4 0 0 0 0 0 2 0 0
43 2 0 0 2 0 0 0 0 0
46 75 0 0 0 0 0 0 0 0
50 1 0 0 1 0 0 0 0 0
fl=/build/eglibc-MjiXCM/eglibc-2.19/elf/dl-error.c
fn=_dl_catch_error
163 12 1 1 0 0 0 9 0 0
175 6 0 0 0 0 0 6 3 3
176 6 0 0 0 0 0 6 0 0
177 6 1 1 0 0 0 6 0 0
178 6 0 0 0 0 0 3 1 1
180 6 0 0 3 0 0 6 0 0
181 6 0 0 3 0 0 3 0 0
182 6 0 0 0 0 0 3 0 0
185 18 0 0 0 0 0 3 0 0
187 9 1 1 6 0 0 3 0 0
188 9 0 0 6 0 0 3 0 0
189 6 0 0 3 0 0 3 0 0
190 6 0 0 3 0 0 3 0 0
191 6 0 0 3 0 0 3 0 0
199 12 0 0 6 0 0 0 0 0
fn=_dl_receive_error
205 10 1 1 0 0 0 6 0 0
206 2 0 0 1 0 0 1 0 0
210 1 0 0 1 0 0 0 0 0
211 1 0 0 1 0 0 0 0 0
214 1 0 0 0 0 0 1 0 0
215 1 1 1 0 0 0 1 0 0
217 2 0 0 0 0 0 1 0 0
219 1 0 0 0 0 0 1 0 0
220 1 0 0 0 0 0 1 0 0
221 8 0 0 7 0 0 0 0 0
fl=/build/eglibc-MjiXCM/eglibc-2.19/elf/dl-fini.c
fn=_dl_fini
131 8 2 2 0 0 0 6 0 0
143 1 0 0 0 0 0 0 0 0
144 1 0 0 0 0 0 1 0 0
150 1 0 0 0 0 0 1 0 0
153 12 1 1 2 1 0 2 0 0
156 2 0 0 1 1 0 1 0 0
159 2 1 1 2 1 0 0 0 0
162 2 0 0 0 0 0 0 0 0
164 6 0 0 3 0 0 0 0 0
171 2 0 0 1 0 0 0 0 0
175 4 0 0 1 0 0 0 0 0
177 2 0 0 1 0 0 0 0 0
180 9 1 1 0 0 0 1 0 0
183 2 0 0 0 0 0 1 0 0
191 12 0 0 4 0 0 0 0 0
193 8 0 0 4 0 0 0 0 0
195 8 1 1 4 0 0 0 0 0
197 12 0 0 4 0 0 4 0 0
198 4 0 0 0 0 0 4 2 0
199 4 0 0 4 0 0 0 0 0
203 4 0 0 4 0 0 0 0 0
205 2 0 0 1 0 0 0 0 0
210 6 1 1 2 0 0 1 0 0
219 2 0 0 1 0 0 1 0 0
223 13 0 0 5 0 0 0 0 0
225 4 0 0 4 0 0 0 0 0
227 12 0 0 4 0 0 0 0 0
230 8 0 0 0 0 0 4 0 0
233 12 1 1 4 2 0 0 0 0
234 4 1 1 2 2 0 0 0 0
237 4 0 0 2 0 0 0 0 0
244 4 0 0 0 0 0 0 0 0
248 4 0 0 4 1 0 0 0 0
249 2 0 0 2 0 0 0 0 0
250 4 0 0 2 0 0 0 0 0
251 12 0 0 0 0 0 0 0 0
252 4 1 1 2 2 0 2 0 0
256 6 0 0 2 2 0 0 0 0
257 6 0 0 4 2 0 2 0 0
262 24 0 0 8 1 0 0 0 0
278 8 1 1 4 0 0 0 0 0
283 6 0 0 2 0 0 0 0 0
289 2 2 2 1 0 0 0 0 0
296 8 0 0 7 0 0 0 0 0
fn=_dl_sort_fini
32 13 2 2 0 0 0 10 0 0
34 2 0 0 0 0 0 0 0 0
39 4 0 0 0 0 0 1 0 0
40 6 0 0 0 0 0 1 0 0
41 3 0 0 1 0 0 1 0 0
45 9 0 0 3 0 0 3 0 0
46 9 0 0 3 0 0 0 0 0
50 15 1 1 6 0 0 0 0 0
56 14 1 1 4 0 0 1 0 0
57 14 0 0 0 0 0 0 0 0
59 12 0 0 6 1 0 0 0 0
60 8 0 0 0 0 0 0 0 0
62 9 0 0 3 1 0 0 0 0
63 6 0 0 0 0 0 0 0 0
93 9 1 1 3 0 0 0 0 0
114 3 0 0 0 0 0 0 0 0
118 16 0 0 3 0 0 0 0 0
121 27 1 1 11 0 0 6 0 0
125 8 0 0 7 0 0 0 0 0
fl=/build/eglibc-MjiXCM/eglibc-2.19/elf/dl-hwcaps.c
fn=_dl_important_hwcaps
39 12 2 2 0 0 0 10 2 2
41 1 0 0 1 0 0 0 0 0
42 4 0 0 0 0 0 1 0 0
51 3 0 0 1 0 0 0 0 0
61 4 2 2 1 0 0 1 0 0
92 2 1 1 0 0 0 0 0 0
113 1 1 1 0 0 0 0 0 0
115 5 0 0 0 0 0 1 0 0
130 6 1 1 0 0 0 0 0 0
131 2 0 0 0 0 0 0 0 0
133 2 0 0 0 0 0 0 0 0
145 2 1 1 0 0 0 0 0 0
162 2 1 1 0 0 0 0 0 0
170 2 1 1 1 0 0 0 0 0
172 4 1 1 1 0 0 1 0 0
173 4 0 0 1 0 0 1 0 0
177 3 0 0 0 0 0 1 0 0
178 1 0 0 0 0 0 1 0 0
181 2 0 0 0 0 0 0 0 0
184 2 1 1 0 0 0 0 0 0
188 12 0 0 2 0 0 3 0 0
189 2 0 0 0 0 0 0 0 0
207 12 2 2 1 0 0 6 0 0
208 5 0 0 0 0 0 1 0 0
209 4 0 0 2 0 0 0 0 0
238 3 1 1 0 0 0 2 0 0
241 2 0 0 0 0 0 0 0 0
243 5 2 2 2 0 0 2 0 0
244 7 0 0 2 0 0 4 0 0
269 19 1 1 3 0 0 0 0 0
270 8 1 1 0 0 0 4 0 0
274 12 0 0 0 0 0 0 0 0
277 28 1 1 0 0 0 0 0 0
278 24 0 0 0 0 0 0 0 0
279 12 0 0 8 0 0 0 0 0
281 4 1 1 0 0 0 0 0 0
284 3 0 0 1 0 0 0 0 0
285 1 0 0 0 0 0 0 0 0
286 12 2 2 3 0 0 0 0 0
299 6 0 0 2 0 0 2 0 0
300 2 0 0 0 0 0 0 0 0
302 4 0 0 0 0 0 0 0 0
305 3 0 0 2 0 0 1 0 0
307 1 0 0 0 0 0 0 0 0
308 8 0 0 7 0 0 0 0 0
fl=/build/eglibc-MjiXCM/eglibc-2.19/elf/dl-init.c
fn=_dl_init
36 26 1 1 5 0 0 4 0 0
86 11 1 1 0 0 0 6 0 0
87 1 0 0 1 1 0 0 0 0
88 1 0 0 1 0 0 0 0 0
91 3 0 0 1 0 0 0 0 0
94 2 0 0 0 0 0 1 0 0
98 4 1 1 1 0 0 0 0 0
125 15 0 0 0 0 0 0 0 0
126 12 0 0 8 0 0 0 0 0
132 8 0 0 7 0 0 0 0 0
fn=call_init.part.0
34 36 0 0 0 0 0 20 0 0
42 12 1 1 4 0 0 4 0 0
45 16 0 0 8 1 0 0 0 0
46 3 1 1 0 0 0 0 0 0
50 9 0 0 3 3 0 0 0 0
51 2 0 0 1 1 0 0 0 0
55 4 0 0 2 0 0 0 0 0
63 4 0 0 0 0 0 0 0 0
64 12 1 1 4 2 0 2 0 0
67 2 0 0 2 2 0 0 0 0
68 4 0 0 0 0 0 0 0 0
74 6 0 0 4 1 0 0 0 0
76 4 0 0 4 0 0 0 0 0
77 16 0 0 0 0 0 0 0 0
78 15 1 1 3 0 0 3 0 0
80 24 0 0 24 0 0 0 0 0
fl=/build/eglibc-MjiXCM/eglibc-2.19/elf/dl-load.c
fn=_dl_init_paths
714 9 1 1 0 0 0 6 0 0
727 6 1 1 2 0 0 2 0 0
731 1 0 0 0 0 0 1 0 0
732 3 0 0 0 0 0 1 0 0
733 2 0 0 0 0 0 0 0 0
740 5 0 0 0 0 0 0 0 0
741 5 1 1 1 0 0 2 0 0
744 1 0 0 0 0 0 1 0 0
745 2 0 0 0 0 0 1 0 0
747 3 0 0 1 0 0 0 0 0
753 1 0 0 0 0 0 1 0 0
754 1 0 0 0 0 0 1 0 0
762 13 0 0 0 0 0 3 1 1
764 8 1 1 0 0 0 4 0 0
765 7 0 0 0 0 0 4 3 3
767 8 1 1 0 0 0 4 0 0
768 14 1 1 3 1 1 4 1 1
769 33 0 0 4 0 0 13 0 0
772 9 0 0 3 1 1 0 0 0
776 27 1 1 15 0 0 5 0 0
782 1 0 0 0 0 0 1 1 1
783 1 0 0 0 0 0 1 0 0
787 1 1 1 1 0 0 0 0 0
788 2 0 0 0 0 0 0 0 0
790 4 0 0 1 0 0 0 0 0
792 3 1 1 1 0 0 0 0 0
809 1 0 0 0 0 0 1 0 0
811 3 1 1 1 0 0 0 0 0
825 2 1 1 0 0 0 1 0 0
830 4 1 1 1 0 0 0 0 0
838 5 0 0 0 0 0 1 0 0
840 11 1 1 0 0 0 2 0 0
856 2 0 0 0 0 0 0 0 0
857 46 0 0 15 0 0 0 0 0
859 14 0 0 0 0 0 0 0 0
860 42 0 0 0 0 0 0 0 0
861 14 1 1 0 0 0 0 0 0
864 1 0 0 0 0 0 1 0 0
865 1 0 0 0 0 0 1 0 0
866 2 0 0 0 0 0 0 0 0
872 8 1 1 1 0 0 2 0 0
876 3 0 0 2 0 0 0 0 0
882 1 0 0 0 0 0 1 0 0
886 8 0 0 7 0 0 0 0 0
fn=_dl_map_object
161 4 0 0 0 0 0 2 0 0
162 2 0 0 0 0 0 1 0 0
164 3 1 1 1 0 0 0 0 0
167 4 0 0 1 0 0 1 0 0
691 9 1 1 3 0 0 0 0 0
2317 30 1 1 0 0 0 24 2 2
2324 6 0 0 0 0 0 0 0 0
2325 6 0 0 3 1 1 0 0 0
2328 45 1 1 9 0 0 0 0 0
2333 21 0 0 7 0 0 0 0 0
2334 14 0 0 0 0 0 0 0 0
2336 36 1 1 0 0 0 7 2 2
2340 12 0 0 6 0 0 0 0 0
2341 18 1 1 6 0 0 0 0 0
2344 2 0 0 2 0 0 0 0 0
2345 4 0 0 4 0 0 0 0 0
2346 8 0 0 0 0 0 2 0 0
2362 4 0 0 2 0 0 0 0 0
2372 12 1 1 2 0 0 2 0 0
2396 2 0 0 0 0 0 2 1 1
2398 10 0 0 0 0 0 2 0 0
2402 4 1 1 0 0 0 2 0 0
2404 2 0 0 1 0 0 0 0 0
2411 4 1 1 1 0 0 0 0 0
2415 2 1 1 1 0 0 1 0 0
2416 3 0 0 0 0 0 1 0 0
2420 3 0 0 1 0 0 0 0 0
2421 1 0 0 0 0 0 0 0 0
2423 11 1 1 0 0 0 4 0 0
2435 4 2 2 3 0 0 0 0 0
2436 7 2 2 2 0 0 0 0 0
2437 1 0 0 0 0 0 0 0 0
2446 2 0 0 1 0 0 0 0 0
2447 18 1 1 2 0 0 4 0 0
2453 6 1 1 0 0 0 2 0 0
2454 1 0 0 0 0 0 0 0 0
2456 2 1 1 1 0 0 1 0 0
2462 4 0 0 0 0 0 1 0 0
2464 3 0 0 1 0 0 0 0 0
2468 3 0 0 0 0 0 2 0 0
2470 2 1 1 0 0 0 0 0 0
2474 3 0 0 1 0 0 0 0 0
2482 2 0 0 1 0 0 0 0 0
2504 9 1 1 2 0 0 1 0 0
2507 3 0 0 0 0 0 1 0 0
2509 1 0 0 0 0 0 1 0 0
2510 3 0 0 1 0 0 0 0 0
2530 2 2 2 1 0 0 0 0 0
2536 1 0 0 0 0 0 1 0 0
2538 6 1 1 0 0 0 1 0 0
2539 3 0 0 0 0 0 0 0 0
2540 1 0 0 0 0 0 0 0 0
2543 7 0 0 0 0 0 1 0 0
2546 2 0 0 0 0 0 0 0 0
2558 8 1 1 2 0 0 0 0 0
2560 4 0 0 0 0 0 0 0 0
2604 4 1 1 2 0 0 2 0 0
2605 24 0 0 4 0 0 8 0 0
2607 24 0 0 21 0 0 0 0 0
fn=_dl_map_object_from_fd
474 2 1 1 1 0 0 0 0 0
923 30 2 2 0 0 0 20 2 2
934 8 0 0 2 0 0 4 1 1
935 2 0 0 0 0 0 2 0 0
938 12 0 0 0 0 0 2 0 0
949 29 1 1 9 0 0 0 0 0
950 26 1 1 14 1 1 0 0 0
967 4 1 1 2 0 0 0 0 0
992 4 1 1 2 0 0 0 0 0
1002 4 0 0 2 0 0 0 0 0
1024 8 0 0 4 0 0 0 0 0
1056 4 0 0 0 0 0 0 0 0
1059 16 1 1 8 0 0 2 0 0
1060 4 0 0 0 0 0 0 0 0
1071 6 0 0 4 0 0 2 2 2
1072 6 2 2 4 0 0 2 0 0
1073 4 0 0 2 0 0 2 0 0
1075 10 0 0 0 0 0 0 0 0
1076 8 0 0 4 0 0 0 0 0
1077 2 0 0 0 0 0 0 0 0
1092 2 0 0 0 0 0 2 0 0
1101 24 1 1 4 0 0 6 0 0
1102 2 0 0 0 0 0 0 0 0
1103 2 0 0 0 0 0 0 0 0
1109 142 2 2 0 0 0 0 0 0
1110 136 1 1 17 0 0 0 0 0
1116 4 0 0 2 0 0 2 0 0
1117 6 0 0 2 0 0 2 0 0
1118 2 0 0 0 0 0 0 0 0
1121 2 1 1 1 0 0 1 0 0
1122 1 0 0 0 0 0 0 0 0
1127 20 1 1 8 0 0 0 0 0
1133 24 0 0 8 0 0 0 0 0
1134 4 0 0 0 0 0 0 0 0
1141 20 0 0 4 0 0 0 0 0
1142 16 0 0 0 0 0 4 2 2
1143 12 1 1 4 0 0 0 0 0
1144 8 0 0 0 0 0 4 2 2
1145 4 0 0 0 0 0 4 0 0
1146 8 0 0 4 0 0 4 2 2
1147 8 1 1 0 0 0 4 0 0
1151 8 0 0 0 0 0 0 0 0
1152 6 0 0 2 0 0 0 0 0
1157 28 0 0 4 0 0 4 0 0
1167 4 0 0 0 0 0 0 0 0
1170 3 0 0 1 0 0 0 0 0
1174 1 0 0 0 0 0 1 1 1
1175 2 1 1 1 0 0 1 0 0
1176 2 0 0 0 0 0 0 0 0
1177 1 0 0 0 0 0 0 0 0
1179 3 0 0 1 0 0 1 1 1
1180 2 0 0 1 0 0 1 0 0
1183 2 0 0 1 0 0 1 0 0
1187 4 0 0 1 0 0 0 0 0
1193 3 0 0 1 0 0 2 1 1
1194 1 0 0 0 0 0 0 0 0
1198 8 0 0 2 0 0 2 0 0
1206 10 0 0 0 0 0 0 0 0
1250 4 1 1 2 0 0 2 0 0
1251 8 0 0 0 0 0 0 0 0
1254 4 1 1 2 0 0 2 0 0
1255 6 0 0 4 0 0 2 0 0
1256 2 0 0 0 0 0 0 0 0
1259 6 1 1 0 0 0 0 0 0
1272 16 0 0 10 0 0 2 0 0
1274 4 1 1 2 0 0 0 0 0
1288 2 0 0 2 0 0 0 0 0
1293 14 0 0 8 0 0 4 1 1
1297 4 1 1 0 0 0 0 0 0
1304 6 0 0 2 0 0 2 0 0
1305 6 0 0 4 0 0 2 0 0
1307 4 0 0 0 0 0 0 0 0
1313 12 0 0 2 0 0 2 0 0
1314 2 1 1 2 0 0 0 0 0
1317 2 0 0 2 0 0 0 0 0
1319 2 1 1 2 0 0 0 0 0
1340 20 1 1 4 0 0 0 0 0
1342 8 0 0 4 0 0 0 0 0
1344 20 0 0 8 0 0 2 0 0
1352 12 0 0 4 0 0 0 0 0
1353 6 0 0 4 0 0 2 0 0
1355 8 0 0 4 0 0 0 0 0
1356 5 1 1 3 0 0 0 0 0
1357 6 0 0 2 0 0 0 0 0
1358 5 1 1 1 0 0 0 0 0
1360 4 0 0 0 0 0 1 0 0
1363 16 0 0 8 0 0 0 0 0
1369 4 0 0 2 0 0 0 0 0
1370 2 0 0 0 0 0 0 0 0
1371 10 1 1 2 0 0 0 0 0
1372 4 0 0 0 0 0 0 0 0
1379 4 0 0 0 0 0 0 0 0
1382 4 0 0 0 0 0 0 0 0
1393 14 0 0 0 0 0 6 0 0
1394 10 0 0 6 0 0 0 0 0
1399 4 0 0 0 0 0 0 0 0
1403 8 0 0 1 0 0 1 0 0
1406 2 0 0 0 0 0 0 0 0
1414 4 1 1 0 0 0 0 0 0
1418 8 0 0 4 0 0 0 0 0
1427 6 0 0 2 0 0 2 0 0
1433 4 1 1 0 0 0 0 0 0
1449 6 0 0 2 0 0 0 0 0
1468 4 0 0 2 0 0 2 0 0
1470 10 1 1 4 0 0 0 0 0
1525 6 0 0 2 1 1 0 0 0
1526 2 0 0 1 0 0 1 0 0
1529 8 0 0 2 0 0 2 0 0
1537 14 2 2 2 0 0 0 0 0
1540 8 0 0 4 0 0 2 0 0
1542 4 0 0 2 0 0 0 0 0
1558 4 0 0 0 0 0 2 0 0
1562 4 0 0 2 0 0 0 0 0
1563 4 1 1 2 0 0 0 0 0
1580 4 0 0 2 0 0 0 0 0
1581 1 0 0 0 0 0 1 0 0
1584 4 0 0 2 0 0 2 0 0
1585 4 0 0 2 0 0 2 0 0
1589 4 1 1 2 0 0 0 0 0
1599 6 0 0 2 0 0 2 0 0
1603 8 0 0 2 0 0 0 0 0
1623 16 0 0 14 0 0 0 0 0
fn=expand_dynamic_string_token
161 6 0 0 0 0 0 2 0 0
162 4 0 0 0 0 0 2 0 0
164 4 0 0 0 0 0 0 0 0
167 8 0 0 0 0 0 0 0 0
415 16 1 1 0 0 0 10 0 0
425 10 1 1 0 0 0 2 0 0
440 10 0 0 10 0 0 0 0 0
fn=fillin_rpath
486 17 2 2 0 0 0 12 0 0
488 1 0 0 0 0 0 0 0 0
491 7 0 0 0 0 0 2 0 0
495 5 0 0 1 0 0 1 0 0
497 3 0 0 0 0 0 1 0 0
501 2 1 1 0 0 0 0 0 0
508 8 1 1 1 0 0 0 0 0
513 2 0 0 0 0 0 1 0 0
516 5 1 1 1 0 0 0 0 0
523 18 1 1 5 0 0 1 0 0
524 8 1 1 4 0 0 0 0 0
542 4 1 1 1 0 0 1 0 0
545 2 0 0 0 0 0 1 0 0
546 4 1 1 2 0 0 1 0 0
547 4 0 0 0 0 0 2 0 0
548 4 1 1 2 0 0 0 0 0
552 1 0 0 0 0 0 1 1 1
553 1 0 0 0 0 0 0 0 0
554 5 0 0 0 0 0 3 0 0
555 1 0 0 0 0 0 1 0 0
557 3 1 1 2 0 0 0 0 0
563 4 0 0 1 0 0 0 0 0
564 14 1 1 0 0 0 0 0 0
565 10 0 0 0 0 0 2 0 0
567 2 1 1 1 0 0 1 0 0
568 2 0 0 1 0 0 0 0 0
573 2 1 1 0 0 0 1 0 0
575 2 0 0 1 0 0 1 0 0
576 1 0 0 0 0 0 1 0 0
579 3 1 1 0 0 0 1 0 0
581 4 0 0 2 0 0 1 0 0
585 1 0 0 0 0 0 1 0 0
588 9 0 0 7 0 0 0 0 0
fn=open_path
2168 14 2 2 0 0 0 12 0 0
2169 2 0 0 1 0 0 1 0 0
2172 1 0 0 0 0 0 1 0 0
2173 1 0 0 0 0 0 1 0 0
2175 2 0 0 0 0 0 0 0 0
2180 8 1 1 2 0 0 0 0 0
2183 1 0 0 1 0 0 0 0 0
2187 2 0 0 0 0 0 0 0 0
2192 2 0 0 1 0 0 0 0 0
2199 5 0 0 2 0 0 2 0 0
2200 16 1 1 1 0 0 0 0 0
2203 8 1 1 4 0 0 0 0 0
2207 52 1 1 24 0 0 8 0 0
2210 4 0 0 0 0 0 0 0 0
2213 8 1 1 4 0 0 0 0 0
2216 28 0 0 16 0 0 4 0 0
2218 12 0 0 4 0 0 0 0 0
2220 8 0 0 0 0 0 0 0 0
2225 8 1 1 4 0 0 0 0 0
2226 36 0 0 16 0 0 0 0 0
2232 17 1 1 5 0 0 5 0 0
2234 24 0 0 4 0 0 4 0 0
2235 2 0 0 1 0 0 0 0 0
2237 21 1 1 4 0 0 4 0 0
2244 8 0 0 0 0 0 0 0 0
2254 2 1 1 0 0 0 1 0 0
2282 1 0 0 0 0 0 0 0 0
2285 5 0 0 1 0 0 0 0 0
2290 1 0 0 1 0 0 0 0 0
2292 4 1 1 3 0 0 0 0 0
2295 3 0 0 1 0 0 0 0 0
2309 11 2 2 7 0 0 0 0 0
fn=open_verify
1873 12 1 1 0 0 0 8 0 0
1909 3 0 0 1 0 0 0 0 0
1930 5 1 1 1 0 0 2 0 0
1931 2 0 0 0 0 0 0 0 0
1941 1 0 0 0 0 0 1 0 0
1942 2 0 0 0 0 0 1 0 0
1947 6 0 0 1 0 0 1 0 0
1949 2 0 0 0 0 0 0 0 0
1951 3 1 1 1 0 0 1 0 0
1953 2 0 0 0 0 0 0 0 0
1959 2 0 0 0 0 0 0 0 0
1975 11 1 1 0 0 0 1 0 0
1977 1 0 0 1 0 0 0 0 0
1979 4 0 0 0 0 0 1 0 0
2006 3 1 1 2 0 0 0 0 0
2050 2 0 0 1 0 0 0 0 0
2055 2 0 0 1 0 0 0 0 0
2058 4 1 1 1 0 0 0 0 0
2063 2 0 0 1 0 0 0 0 0
2070 5 0 0 1 0 0 0 0 0
2071 4 0 0 1 0 0 0 0 0
2072 1 0 0 0 0 0 0 0 0
2087 61 1 1 0 0 0 0 0 0
2089 19 1 1 9 6 6 0 0 0
2093 4 0 0 2 0 0 0 0 0
2094 2 0 0 0 0 0 0 0 0
2103 6 1 1 0 0 0 1 0 0
2106 1 0 0 0 0 0 0 0 0
2107 3 0 0 1 0 0 0 0 0
2108 3 0 0 1 0 0 0 0 0
2110 3 0 0 0 0 0 0 0 0
2154 8 0 0 7 0 0 0 0 0
fn=open_verify.constprop.6
1871 55 2 2 0 0 0 35 1 1
1909 15 0 0 5 0 0 0 0 0
1930 25 0 0 5 0 0 10 0 0
1931 10 0 0 0 0 0 0 0 0
1941 1 0 0 0 0 0 1 0 0
1942 2 1 1 0 0 0 1 0 0
1947 6 0 0 1 0 0 1 0 0
1949 2 0 0 0 0 0 0 0 0
1951 3 0 0 1 0 0 1 0 0
1953 2 0 0 0 0 0 0 0 0
1959 2 1 1 0 0 0 0 0 0
1975 11 0 0 0 0 0 1 0 0
1977 1 0 0 1 0 0 0 0 0
1979 4 1 1 0 0 0 1 0 0
2050 2 0 0 1 0 0 0 0 0
2055 2 0 0 1 0 0 0 0 0
2058 4 0 0 1 0 0 0 0 0
2063 2 0 0 1 0 0 0 0 0
2070 7 1 1 1 0 0 0 0 0
2071 4 0 0 1 0 0 0 0 0
2072 1 0 0 0 0 0 0 0 0
2087 45 1 1 0 0 0 0 0 0
2089 17 1 1 8 0 0 0 0 0
2093 4 0 0 2 0 0 0 0 0
2094 2 0 0 0 0 0 0 0 0
2103 12 1 1 0 0 0 2 0 0
2106 1 0 0 0 0 0 0 0 0
2107 3 0 0 1 0 0 0 0 0
2108 3 0 0 1 0 0 0 0 0
2110 3 0 0 0 0 0 0 0 0
2115 1 0 0 0 0 0 0 0 0
2116 1 0 0 0 0 0 0 0 0
2119 2 0 0 0 0 0 0 0 0
2122 3 0 0 1 0 0 0 0 0
2123 5 0 0 1 0 0 0 0 0
2124 2 1 1 1 0 0 0 0 0
2125 3 0 0 1 0 0 0 0 0
2126 6 0 0 2 0 0 0 0 0
2131 4 1 1 0 0 0 0 0 0
2154 40 0 0 35 0 0 0 0 0
fl=/build/eglibc-MjiXCM/eglibc-2.19/elf/dl-lookup.c
fn=_dl_lookup_symbol_x
475 204 0 0 0 0 0 0 0 0
476 5848 0 0 1411 95 83 102 0 0
477 5236 1 1 0 0 0 0 0 0
714 1428 2 2 0 0 0 816 11 0
716 204 0 0 0 0 0 102 0 0
717 204 1 1 0 0 0 204 0 0
720 102 0 0 102 8 0 0 0 0
724 392 0 0 94 0 0 0 0 0
728 204 1 1 0 0 0 102 0 0
729 204 0 0 102 0 0 0 0 0
731 204 0 0 204 10 0 0 0 0
735 840 1 1 6 0 0 204 0 0
737 1326 1 1 612 0 0 714 7 0
740 204 0 0 0 0 0 0 0 0
743 6 0 0 0 0 0 0 0 0
766 204 0 0 102 0 0 0 0 0
768 42 1 1 12 0 0 0 0 0
784 6 1 1 0 0 0 6 0 0
785 12 0 0 0 0 0 0 0 0
788 96 0 0 96 0 0 0 0 0
789 672 0 0 192 0 0 0 0 0
815 96 0 0 0 0 0 0 0 0
824 480 1 1 96 0 0 0 0 0
838 288 0 0 96 10 1 0 0 0
839 2 1 1 0 0 0 1 0 0
841 384 0 0 192 0 0 0 0 0
846 96 0 0 0 0 0 96 0 0
848 816 1 1 714 0 0 0 0 0
fn=_dl_setup_hash
859 12 1 1 4 0 0 0 0 0
863 4 0 0 4 0 0 0 0 0
867 8 1 1 4 4 4 4 1 1
868 4 0 0 4 0 0 0 0 0
869 4 0 0 4 1 1 0 0 0
871 12 0 0 0 0 0 0 0 0
872 4 0 0 0 0 0 4 0 0
873 12 0 0 4 0 0 4 0 0
875 4 0 0 0 0 0 4 0 0
876 8 0 0 0 0 0 0 0 0
878 4 1 1 0 0 0 4 0 0
879 4 0 0 0 0 0 0 0 0
880 16 0 0 0 0 0 4 0 0
881 4 0 0 4 0 0 0 0 0
fn=check_match.9481
131 672 1 1 0 0 0 384 1 0
132 192 0 0 96 19 6 0 0 0
134 384 0 0 192 12 11 0 0 0
136 288 0 0 96 0 0 0 0 0
146 288 1 1 96 0 0 96 10 0
149 342 0 0 171 0 0 25 2 0
153 192 0 0 192 0 0 0 0 0
154 288 0 0 96 0 0 0 0 0
156 188 0 0 0 0 0 0 0 0
175 188 1 1 188 14 6 0 0 0
176 752 0 0 282 10 0 0 0 0
177 470 1 1 188 1 0 94 0 0
204 4 0 0 0 0 0 0 0 0
206 12 0 0 4 2 1 0 0 0
207 8 0 0 2 0 0 0 0 0
222 672 1 1 480 0 0 0 0 0
fn=do_lookup_x
77 816 1 1 306 0 0 510 6 0
82 1224 1 1 204 0 0 714 15 0
83 102 0 0 102 1 0 0 0 0
89 102 0 0 102 0 0 0 0 0
95 321 1 1 0 0 0 321 0 0
96 321 0 0 0 0 0 321 0 0
98 963 0 0 642 32 0 321 0 0
101 642 0 0 0 0 0 0 0 0
105 642 0 0 321 0 0 0 0 0
109 642 1 1 321 23 0 0 0 0
113 642 0 0 321 5 0 0 0 0
119 963 0 0 321 16 0 0 0 0
123 642 0 0 642 37 0 0 0 0
124 963 0 0 642 1 0 321 0 0
225 321 0 0 321 0 0 0 0 0
226 642 1 1 0 0 0 0 0 0
228 321 0 0 321 62 32 0 0 0
229 204 0 0 0 0 0 0 0 0
230 642 0 0 321 0 0 0 0 0
232 408 0 0 0 0 0 0 0 0
233 1284 0 0 321 0 0 0 0 0
236 1284 0 0 0 0 0 0 0 0
237 963 0 0 0 0 0 0 0 0
239 202 0 0 202 56 43 0 0 0
240 404 1 1 0 0 0 0 0 0
241 202 0 0 0 0 0 0 0 0
243 303 1 1 101 0 0 0 0 0
246 1010 0 0 202 74 59 0 0 0
248 768 1 1 192 0 0 192 0 0
249 768 0 0 0 0 0 480 0 0
250 480 0 0 288 0 0 0 0 0
253 318 0 0 0 0 0 0 0 0
257 225 0 0 0 0 0 225 0 0
281 450 1 1 225 0 0 0 0 0
286 724 1 1 96 0 0 0 0 0
290 225 0 0 11 1 0 96 0 0
303 192 1 1 96 0 0 96 0 0
304 192 0 0 96 0 0 96 0 0
305 96 0 0 0 0 0 0 0 0
461 1266 0 0 422 2 0 0 0 0
462 440 0 0 160 0 0 160 1 0
465 675 1 1 0 0 0 0 0 0
468 12 0 0 0 0 0 0 0 0
469 816 0 0 714 0 0 0 0 0
fl=/build/eglibc-MjiXCM/eglibc-2.19/elf/dl-minimal.c
fn=__libc_memalign
51 88 1 1 0 0 0 44 2 2
52 108 0 0 43 0 0 0 0 0
57 3 0 0 0 0 0 1 0 0
58 3 1 1 1 0 0 0 0 0
59 1 0 0 0 0 0 0 0 0
63 66 1 1 0 0 0 22 0 0
64 22 0 0 0 0 0 0 0 0
66 142 0 0 0 0 0 0 0 0
70 12 0 0 3 0 0 0 0 0
71 9 1 1 0 0 0 0 0 0
77 21 0 0 0 0 0 3 0 0
79 15 0 0 6 0 0 0 0 0
83 9 0 0 0 0 0 3 0 0
86 22 0 0 0 0 0 22 0 0
87 22 0 0 0 0 0 22 0 0
89 167 0 0 66 0 0 0 0 0
fn=calloc
102 8 1 1 0 0 0 0 0 0
106 8 0 0 0 0 0 0 0 0
109 40 0 0 0 0 0 0 0 0
113 8 0 0 0 0 0 0 0 0
fn=free
119 2 0 0 0 0 0 1 0 0
121 2 1 1 1 0 0 0 0 0
128 2 0 0 2 0 0 0 0 0
fn=malloc
93 21 1 1 0 0 0 0 0 0
94 42 0 0 0 0 0 0 0 0
fn=strsep
338 8 1 1 4 0 0 0 0 0
340 4 0 0 4 0 0 0 0 0
341 8 0 0 0 0 0 0 0 0
345 317 1 1 63 0 0 0 0 0
350 244 0 0 122 0 0 0 0 0
352 366 0 0 122 0 0 0 0 0
360 61 0 0 0 0 0 0 0 0
363 2 0 0 0 0 0 2 0 0
367 4 0 0 4 0 0 0 0 0
fl=/build/eglibc-MjiXCM/eglibc-2.19/elf/dl-misc.c
fn=_dl_name_match_p
288 270 1 1 0 0 0 108 4 0
289 216 0 0 54 0 0 54 0 0
290 57 0 0 0 0 0 0 0 0
292 54 0 0 54 0 0 0 0 0
294 218 0 0 0 0 0 0 0 0
295 290 1 1 58 11 0 58 0 0
298 55 0 0 55 0 0 0 0 0
300 51 0 0 0 0 0 0 0 0
301 270 0 0 162 0 0 0 0 0
fn=_dl_sysdep_read_whole_file
45 7 1 1 0 0 0 4 0 0
46 1 0 0 0 0 0 0 0 0
52 4 1 1 0 0 0 1 0 0
53 2 0 0 0 0 0 0 0 0
55 6 0 0 0 0 0 1 0 0
57 2 0 0 1 0 0 1 1 1
60 2 0 0 0 0 0 0 0 0
62 8 1 1 0 0 0 1 0 0
73 2 0 0 0 0 0 1 0 0
76 7 0 0 5 0 0 0 0 0
fl=/build/eglibc-MjiXCM/eglibc-2.19/elf/dl-object.c
fn=_dl_add_to_namespace_list
32 15 1 1 0 0 0 6 0 0
34 6 0 0 3 0 0 3 0 0
36 22 1 1 3 0 0 0 0 0
39 15 0 0 5 0 0 0 0 0
40 3 0 0 0 0 0 0 0 0
41 2 0 0 0 0 0 2 0 0
43 2 0 0 0 0 0 2 0 0
46 2 0 0 0 0 0 1 0 0
47 9 0 0 3 0 0 0 0 0
48 6 0 0 3 0 0 3 0 0
49 6 0 0 0 0 0 3 0 0
51 9 0 0 3 0 0 0 0 0
52 9 0 0 6 0 0 0 0 0
fn=_dl_new_object
61 42 2 2 0 0 0 30 1 1
62 15 0 0 0 0 0 3 1 1
68 36 1 1 6 0 0 0 0 0
75 15 0 0 0 0 0 6 0 0
78 6 0 0 0 0 0 0 0 0
81 3 0 0 0 0 0 3 2 2
82 6 1 1 0 0 0 3 3 3
86 6 0 0 0 0 0 3 2 2
87 15 0 0 6 0 0 6 1 1
89 3 1 1 0 0 0 3 0 0
97 15 0 0 6 0 0 3 0 0
98 18 0 0 6 3 3 3 0 0
101 6 0 0 3 0 0 0 0 0
102 7 1 1 0 0 0 3 3 3
103 3 1 1 0 0 0 3 0 0
107 3 0 0 0 0 0 3 0 0
110 43 0 0 0 0 0 0 0 0
112 32 0 0 0 0 0 16 5 5
122 6 0 0 0 0 0 3 0 0
123 3 1 1 0 0 0 3 3 3
126 3 0 0 0 0 0 0 0 0
128 18 0 0 3 0 0 0 0 0
130 6 0 0 0 0 0 2 1 1
133 7 0 0 0 0 0 0 0 0
137 6 0 0 2 0 0 0 0 0
141 15 0 0 2 0 0 0 0 0
143 1 1 1 0 0 0 0 0 0
149 1 0 0 0 0 0 1 1 1
152 6 0 0 0 0 0 3 1 1
155 15 1 1 6 0 0 0 0 0
157 10 0 0 2 0 0 4 0 0
161 10 0 0 0 0 0 0 0 0
165 6 1 1 0 0 0 2 0 0
166 8 0 0 0 0 0 0 0 0
211 8 1 1 4 0 0 2 0 0
216 82 0 0 0 0 0 0 0 0
217 88 0 0 42 0 0 0 0 0
222 4 0 0 0 0 0 2 0 0
225 4 0 0 0 0 0 2 0 0
229 24 1 1 21 0 0 0 0 0
fl=/build/eglibc-MjiXCM/eglibc-2.19/elf/dl-open.c
fn=_dl_find_dso_for_object
182 5 1 1 1 0 0 0 0 0
183 10 2 2 3 0 0 0 0 0
184 12 0 0 6 0 0 0 0 0
185 2 0 0 1 0 0 0 0 0
188 2 1 1 1 0 0 0 0 0
192 1 0 0 1 0 0 0 0 0
fl=/build/eglibc-MjiXCM/eglibc-2.19/elf/dl-reloc.c
fn=_dl_relocate_object
154 48 2 2 0 0 0 32 0 0
161 4 0 0 0 0 0 4 0 0
164 8 1 1 0 0 0 0 0 0
165 20 1 1 0 0 0 12 0 0
169 8 0 0 0 0 0 0 0 0
170 16 0 0 8 1 0 0 0 0
176 8 0 0 4 0 0 0 0 0
182 12 0 0 4 0 0 0 0 0
183 8 1 1 4 3 0 0 0 0
186 8 0 0 4 0 0 0 0 0
193 8 0 0 4 1 0 0 0 0
238 12 1 1 8 0 0 4 0 0
264 234 3 3 83 10 1 53 0 0
267 12 0 0 4 0 0 0 0 0
295 4 0 0 4 0 0 0 0 0
298 8 0 0 4 0 0 0 0 0
315 12 0 0 4 3 0 0 0 0
317 32 1 1 28 1 0 0 0 0
323 16 1 1 8 0 0 0 0 0
324 8 0 0 4 0 0 0 0 0
325 8 0 0 0 0 0 0 0 0
328 8 1 1 0 0 0 0 0 0
329 20 0 0 0 0 0 4 0 0
fl=/build/eglibc-MjiXCM/eglibc-2.19/elf/dl-tls.c
fn=__tls_get_addr
770 1 1 1 1 0 0 0 0 0
772 3 0 0 2 2 0 0 0 0
775 3 0 0 2 1 0 0 0 0
777 2 0 0 0 0 0 0 0 0
780 1 0 0 1 0 0 0 0 0
781 1 0 0 1 0 0 0 0 0
fn=_dl_add_to_slotinfo
831 4 1 1 0 0 0 3 0 0
837 2 1 1 1 0 0 0 0 0
840 1 0 0 1 1 0 0 0 0
845 5 0 0 1 1 0 0 0 0
886 1 0 0 0 0 0 1 0 0
887 3 1 1 1 1 0 1 0 0
888 4 0 0 4 0 0 0 0 0
fn=_dl_allocate_tls_init
376 8 1 1 0 0 0 7 0 0
377 2 0 0 0 0 0 0 0 0
381 3 0 0 2 1 0 1 0 0
383 1 0 0 0 0 0 0 0 0
384 1 0 0 0 0 0 0 0 0
389 3 0 0 1 0 0 1 0 0
394 12 1 1 2 0 0 0 0 0
400 9 0 0 0 0 0 0 0 0
403 1 1 1 1 0 0 0 0 0
404 2 0 0 0 0 0 0 0 0
410 3 0 0 1 0 0 0 0 0
412 2 0 0 0 0 0 0 0 0
413 2 0 0 1 0 0 0 0 0
422 2 1 1 1 0 0 0 0 0
423 4 0 0 2 0 0 0 0 0
425 2 0 0 0 0 0 0 0 0
426 2 1 1 1 0 0 0 0 0
434 4 0 0 1 0 0 1 1 0
435 1 0 0 0 0 0 1 0 0
436 11 0 0 4 0 0 2 0 0
450 2 1 1 1 0 0 1 0 0
452 1 0 0 1 0 0 0 0 0
453 8 1 1 7 0 0 0 0 0
fn=_dl_allocate_tls_storage
295 2 0 0 1 0 0 0 0 0
296 3 1 1 0 0 0 1 0 0
297 2 0 0 0 0 0 0 0 0
300 1 0 0 0 0 0 1 1 1
306 2 0 0 0 0 0 1 0 0
328 3 1 1 0 0 0 3 0 0
330 1 0 0 1 0 0 0 0 0
341 4 0 0 1 0 0 1 0 0
342 2 0 0 0 0 0 0 0 0
349 1 0 0 0 0 0 0 0 0
353 306 1 1 0 0 0 288 36 36
370 5 0 0 4 0 0 0 0 0
fn=_dl_determine_tlsoffset
112 7 1 1 0 0 0 6 0 0
113 2 1 1 0 0 0 0 0 0
114 1 0 0 0 0 0 0 0 0
115 1 0 0 0 0 0 0 0 0
118 3 1 1 1 0 0 0 0 0
121 2 0 0 1 0 0 0 0 0
123 1 0 0 0 0 0 0 0 0
155 1 0 0 0 0 0 0 0 0
157 10 0 0 2 0 0 0 0 0
159 3 0 0 1 0 0 0 0 0
161 3 0 0 1 0 0 0 0 0
162 2 1 1 1 0 0 0 0 0
164 2 0 0 0 0 0 0 0 0
166 5 0 0 1 0 0 0 0 0
168 2 1 1 0 0 0 0 0 0
182 9 1 1 0 0 0 0 0 0
184 3 0 0 0 0 0 0 0 0
185 1 0 0 0 0 0 0 0 0
194 1 0 0 0 0 0 1 0 0
197 4 0 0 0 0 0 1 0 0
198 1 0 0 0 0 0 1 0 0
249 1 0 0 0 0 0 1 0 0
250 8 0 0 7 0 0 0 0 0
fn=_dl_next_tls_modid
50 1 1 1 0 0 0 0 0 0
53 3 0 0 2 0 0 0 0 0
101 2 0 0 0 0 0 1 0 0
105 2 0 0 1 0 0 0 0 0
fl=/build/eglibc-MjiXCM/eglibc-2.19/elf/dl-version.c
fn=_dl_check_all_versions
380 6 1 1 0 0 0 4 0 0
382 2 0 0 0 0 0 0 0 0
384 16 0 0 4 0 0 0 0 0
385 4 0 0 0 0 0 0 0 0
386 40 1 1 4 0 0 4 0 0
389 7 0 0 5 0 0 0 0 0
fn=_dl_check_map_versions
56 24 0 0 4 0 0 0 0 0
57 5 0 0 5 0 0 0 0 0
58 37 1 1 0 0 0 7 0 0
174 44 1 1 0 0 0 32 0 0
175 2 0 0 0 0 0 0 0 0
183 2 0 0 0 0 0 0 0 0
189 12 0 0 4 0 0 0 0 0
191 8 0 0 4 0 0 4 0 0
193 8 0 0 4 0 0 4 0 0
194 8 1 1 4 0 0 4 0 0
196 8 0 0 0 0 0 0 0 0
199 8 0 0 6 0 0 2 0 0
203 12 1 1 4 2 2 0 0 0
220 6 0 0 6 0 0 0 0 0
228 6 0 0 2 0 0 0 0 0
233 14 0 0 4 1 1 0 0 0
237 70 2 2 40 1 1 8 0 0
244 16 0 0 4 0 0 0 0 0
247 14 0 0 4 0 0 0 0 0
252 2 0 0 0 0 0 0 0 0
256 8 0 0 4 0 0 0 0 0
270 12 1 1 4 0 0 0 0 0
273 6 0 0 4 0 0 0 0 0
276 112 0 0 28 5 5 0 0 0
279 84 0 0 28 1 1 0 0 0
283 26 0 0 0 0 0 0 0 0
287 8 1 1 0 0 0 0 0 0
292 3 0 0 0 0 0 3 0 0
293 12 0 0 0 0 0 3 0 0
294 6 1 1 0 0 0 0 0 0
302 3 0 0 0 0 0 3 0 0
305 9 0 0 6 0 0 3 0 0
307 9 0 0 3 0 0 0 0 0
310 8 0 0 6 0 0 0 0 0
314 6 0 0 2 0 0 0 0 0
317 12 1 1 4 0 0 0 0 0
319 12 0 0 0 0 0 0 0 0
321 20 0 0 4 0 0 4 0 0
322 12 0 0 0 0 0 4 2 2
323 12 0 0 4 0 0 4 0 0
324 12 1 1 4 0 0 4 0 0
327 12 0 0 4 0 0 0 0 0
332 2 0 0 0 0 0 0 0 0
335 6 0 0 2 0 0 0 0 0
345 9 0 0 3 0 0 0 0 0
348 8 0 0 6 0 0 0 0 0
352 28 0 0 28 0 0 0 0 0
354 56 0 0 28 0 0 0 0 0
358 26 0 0 26 0 0 0 0 0
359 130 0 0 26 0 0 26 8 8
360 78 0 0 26 0 0 26 0 0
361 26 0 0 0 0 0 26 3 3
364 84 0 0 28 0 0 0 0 0
368 26 0 0 0 0 0 0 0 0
373 7 0 0 0 0 0 0 0 0
374 32 2 2 28 0 0 0 0 0
fn=match_symbol
76 52 2 2 0 0 0 32 0 0
77 8 0 0 8 0 0 0 0 0
85 8 0 0 4 0 0 0 0 0
91 12 0 0 4 0 0 0 0 0
106 4 0 0 4 1 0 0 0 0
107 8 1 1 0 0 0 0 0 0
109 4 0 0 4 0 0 0 0 0
114 42 0 0 21 6 6 0 0 0
128 42 0 0 21 2 2 0 0 0
130 4 1 1 4 0 0 0 0 0
133 24 0 0 4 0 0 4 0 0
140 51 0 0 17 1 1 0 0 0
144 17 0 0 0 0 0 0 0 0
168 32 0 0 28 0 0 0 0 0
fl=/build/eglibc-MjiXCM/eglibc-2.19/elf/do-rel.h
fn=_dl_relocate_object
47 16 0 0 8 0 0 0 0 0
48 8 0 0 8 0 0 0 0 0
50 3 0 0 0 0 0 0 0 0
51 3 0 0 0 0 0 3 1 0
58 24 0 0 8 1 0 0 0 0
61 102 0 0 0 0 0 0 0 0
63 90 1 1 30 11 11 0 0 0
65 17 1 1 0 0 0 0 0 0
74 6 0 0 0 0 0 0 0 0
75 29 1 1 9 0 0 0 0 0
76 10 0 0 5 0 0 0 0 0
83 10 0 0 5 0 0 5 0 0
84 5 1 1 5 0 0 0 0 0
86 10 0 0 0 0 0 0 0 0
98 15 0 0 0 0 0 0 0 0
108 9 1 1 1 1 1 0 0 0
111 3590 0 0 0 0 0 0 0 0
112 2388 1 1 1194 0 0 0 0 0
118 15 0 0 5 4 0 0 0 0
121 8 1 1 4 3 0 4 1 0
124 305 1 1 98 0 0 0 0 0
127 380 1 1 95 25 21 0 0 0
136 285 0 0 190 40 37 0 0 0
137 542 0 0 95 0 0 95 1 0
138 176 0 0 95 1 0 0 0 0
139 190 0 0 95 0 0 0 0 0
143 6 0 0 0 0 0 0 0 0
160 23 2 2 5 0 0 4 0 0
162 20 0 0 5 2 2 0 0 0
170 25 1 1 5 0 0 5 0 0
171 10 0 0 10 0 0 0 0 0
174 5 0 0 2 0 0 0 0 0
fn=_dl_start
83 1 0 0 1 0 0 0 0 0
84 1 0 0 1 0 0 0 0 0
111 33 1 1 0 0 0 0 0 0
112 20 0 0 10 3 3 0 0 0
116 2 0 0 1 0 0 0 0 0
124 31 1 1 0 0 0 0 0 0
137 45 0 0 9 2 2 0 0 0
139 18 0 0 9 0 0 0 0 0
fl=/build/eglibc-MjiXCM/eglibc-2.19/elf/get-dynamic-info.h
fn=_dl_map_object_from_fd
38 4 0 0 0 0 0 0 0 0
42 2 0 0 0 0 0 0 0 0
44 141 1 1 47 13 13 0 0 0
46 90 1 1 0 0 0 0 0 0
51 42 0 0 0 0 0 0 0 0
52 71 0 0 0 0 0 43 11 11
53 8 0 0 0 0 0 0 0 0
55 2 0 0 0 0 0 0 0 0
56 10 1 1 0 0 0 0 0 0
58 2 0 0 0 0 0 0 0 0
59 10 0 0 0 0 0 0 0 0
60 2 0 0 0 0 0 0 0 0
61 8 0 0 0 0 0 2 0 0
62 45 0 0 0 0 0 0 0 0
69 4 1 1 0 0 0 0 0 0
89 7 0 0 3 0 0 0 0 0
90 8 0 0 4 0 0 0 0 0
91 8 0 0 4 0 0 0 0 0
92 8 0 0 4 0 0 0 0 0
94 8 1 1 4 0 0 0 0 0
99 8 0 0 4 0 0 0 0 0
100 7 0 0 3 1 1 0 0 0
101 8 0 0 4 0 0 0 0 0
107 6 1 1 2 0 0 0 0 0
112 4 0 0 2 0 0 0 0 0
119 4 0 0 2 0 0 0 0 0
120 6 0 0 4 0 0 0 0 0
136 6 0 0 2 0 0 0 0 0
141 2 0 0 1 0 0 1 0 0
143 2 0 0 0 0 0 0 0 0
145 2 0 0 0 0 0 0 0 0
147 2 0 0 0 0 0 0 0 0
150 6 1 1 2 0 0 0 0 0
152 2 0 0 1 0 0 1 0 0
160 2 1 1 1 0 0 0 0 0
161 2 0 0 0 0 0 0 0 0
165 2 0 0 0 0 0 0 0 0
168 4 0 0 2 0 0 0 0 0
fn=_dl_start
44 57 1 1 19 6 6 0 0 0
46 36 0 0 0 0 0 0 0 0
47 26 0 0 0 0 0 13 3 3
51 21 1 1 0 0 0 0 0 0
52 18 0 0 0 0 0 4 2 2
53 4 1 1 0 0 0 0 0 0
55 1 0 0 0 0 0 0 0 0
56 5 0 0 0 0 0 0 0 0
58 2 0 0 0 0 0 0 0 0
59 5 2 2 0 0 0 0 0 0
60 1 0 0 0 0 0 0 0 0
61 5 0 0 0 0 0 1 1 1
62 18 0 0 0 0 0 0 0 0
69 2 0 0 0 0 0 0 0 0
89 4 0 0 2 0 0 0 0 0
90 4 1 1 2 0 0 0 0 0
91 4 0 0 2 0 0 0 0 0
92 4 0 0 2 0 0 0 0 0
94 4 0 0 2 0 0 0 0 0
99 4 1 1 2 0 0 0 0 0
100 4 0 0 2 0 0 0 0 0
101 4 0 0 2 0 0 0 0 0
107 3 0 0 1 0 0 0 0 0
112 2 1 1 1 0 0 0 0 0
119 3 0 0 1 0 0 0 0 0
120 3 0 0 2 0 0 0 0 0
128 3 0 0 1 0 0 0 0 0
130 3 1 1 1 1 1 0 0 0
133 2 0 0 1 0 0 0 0 0
134 2 0 0 1 0 0 0 0 0
fn=dl_main
29 1 0 0 1 0 0 0 0 0
38 2 0 0 0 0 0 0 0 0
42 1 0 0 0 0 0 0 0 0
44 72 0 0 24 7 7 0 0 0
46 46 1 1 0 0 0 0 0 0
51 17 1 1 0 0 0 0 0 0
52 33 0 0 0 0 0 22 5 5
53 4 0 0 0 0 0 0 0 0
55 1 0 0 0 0 0 0 0 0
56 5 1 1 0 0 0 0 0 0
58 1 0 0 0 0 0 0 0 0
59 5 0 0 0 0 0 0 0 0
60 1 0 0 0 0 0 0 0 0
61 4 1 1 0 0 0 1 0 0
62 23 0 0 0 0 0 0 0 0
69 3 1 1 1 0 0 0 0 0
107 3 2 2 1 0 0 0 0 0
112 2 0 0 1 0 0 0 0 0
119 2 0 0 1 0 0 0 0 0
120 3 0 0 2 0 0 0 0 0
136 3 0 0 1 0 0 0 0 0
150 3 1 1 1 0 0 0 0 0
168 2 1 1 1 0 0 0 0 0
fl=/build/eglibc-MjiXCM/eglibc-2.19/elf/rtld.c
fn=_dl_initial_error_catch_tsd
797 8 0 0 4 0 0 0 0 0
fn=_dl_start
284 75 3 3 8 1 1 8 2 2
296 2 0 0 0 0 0 1 0 0
297 2 0 0 0 0 0 1 0 0
298 2 1 1 0 0 0 1 0 0
299 2 0 0 0 0 0 1 1 1
300 2 0 0 0 0 0 1 0 0
321 5 1 1 0 0 0 1 0 0
325 1 0 0 0 0 0 1 0 0
331 4 1 0 0 0 0 1 0 0
340 4 0 0 0 0 0 0 0 0
343 2 0 0 1 1 0 1 1 0
347 2 0 0 1 0 0 0 0 0
361 9 1 1 0 0 0 6 0 0
379 5 0 0 0 0 0 1 1 1
405 1 0 0 0 0 0 1 1 1
408 1 0 0 0 0 0 1 1 1
536 2 0 0 0 0 0 0 0 0
541 34 3 3 9 0 0 0 0 0
543 1 1 1 1 1 1 0 0 0
568 9 0 0 7 1 0 0 0 0
fn=dl_main
887 12 1 1 0 0 0 8 1 1
893 1 0 0 0 0 0 0 0 0
895 2 0 0 0 0 0 0 0 0
896 1 0 0 0 0 0 0 0 0
902 1 0 0 0 0 0 1 0 0
906 2 0 0 0 0 0 1 0 0
909 2 0 0 0 0 0 1 1 1
913 2 0 0 0 0 0 1 1 1
914 2 0 0 0 0 0 1 0 0
919 2 1 1 0 0 0 1 0 0
929 4 2 2 2 0 0 0 0 0
1128 8 1 1 0 0 0 1 0 0
1130 2 0 0 0 0 0 0 0 0
1131 1 0 0 0 0 0 1 1 1
1132 2 1 1 1 0 0 1 0 0
1133 3 0 0 2 0 0 1 0 0
1137 3 0 0 0 0 0 1 0 0
1138 2 0 0 1 0 0 0 0 0
1159 1 0 0 0 0 0 1 0 0
1160 1 0 0 0 0 0 1 0 0
1162 1 0 0 0 0 0 1 0 0
1164 1 1 1 1 0 0 0 0 0
1167 36 1 1 3 0 0 0 0 0
1168 71 1 1 9 5 5 0 0 0
1172 3 1 1 1 0 0 1 0 0
1173 1 0 0 0 0 0 0 0 0
1177 3 1 1 2 0 0 1 0 0
1178 1 0 0 0 0 0 0 0 0
1186 1 0 0 0 0 0 1 1 1
1187 2 1 1 2 1 1 0 0 0
1189 2 1 1 0 0 0 1 0 0
1196 3 0 0 1 0 0 0 0 0
1214 1 0 0 0 0 0 0 0 0
1222 4 0 0 2 0 0 0 0 0
1223 10 2 2 3 1 1 0 0 0
1224 4 0 0 2 0 0 0 0 0
1225 1 0 0 0 0 0 1 0 0
1228 4 0 0 2 1 1 0 0 0
1229 4 0 0 2 0 0 0 0 0
1230 2 0 0 0 0 0 2 0 0
1231 6 0 0 3 0 0 0 0 0
1232 2 0 0 0 0 0 1 0 0
1259 2 1 1 1 0 0 1 1 1
1260 1 0 0 0 0 0 0 0 0
1263 2 0 0 1 0 0 1 0 0
1264 2 0 0 1 0 0 1 0 0
1265 1 0 0 0 0 0 0 0 0
1270 3 0 0 1 1 1 0 0 0
1273 2 0 0 0 0 0 0 0 0
1275 2 0 0 0 0 0 0 0 0
1277 2 1 1 1 0 0 0 0 0
1290 3 0 0 1 0 0 0 0 0
1291 11 1 1 6 0 0 2 0 0
1296 1 0 0 0 0 0 1 0 0
1298 1 0 0 0 0 0 1 1 1
1299 1 0 0 0 0 0 1 0 0
1301 2 0 0 1 0 0 0 0 0
1302 2 1 1 0 0 0 1 0 0
1306 2 0 0 1 0 0 0 0 0
1308 2 0 0 0 0 0 0 0 0
1313 2 0 0 0 0 0 1 0 0
1316 4 1 1 0 0 0 1 0 0
1332 3 1 1 0 0 0 1 0 0
1338 9 1 1 1 0 0 2 0 0
1343 2 1 1 1 0 0 1 0 0
1346 4 0 0 1 0 0 2 0 0
1348 1 0 0 0 0 0 1 0 0
1353 2 0 0 1 0 0 0 0 0
1356 3 0 0 2 0 0 1 0 0
1357 4 1 1 1 0 0 1 0 0
1358 2 0 0 0 0 0 1 0 0
1359 1 0 0 0 0 0 1 0 0
1360 1 0 0 1 0 0 0 0 0
1361 1 0 0 1 0 0 0 0 0
1366 2 0 0 1 0 0 0 0 0
1367 5 1 1 1 0 0 1 0 0
1371 1 0 0 1 0 0 0 0 0
1373 4 0 0 1 0 0 0 0 0
1374 2 0 0 0 0 0 1 0 0
1375 4 1 1 1 1 1 1 0 0
1380 2 0 0 0 0 0 0 0 0
1381 6 0 0 1 1 1 0 0 0
1383 2 0 0 1 0 0 1 1 1
1384 2 0 0 1 0 0 1 0 0
1389 2 0 0 1 1 1 0 0 0
1394 3 1 1 1 0 0 0 0 0
1575 3 0 0 1 0 0 0 0 0
1578 2 0 0 1 0 0 1 0 0
1582 3 1 1 1 0 0 0 0 0
1587 2 0 0 1 0 0 1 0 0
1588 1 0 0 0 0 0 1 0 0
1593 3 0 0 1 0 0 0 0 0
1608 3 1 1 2 0 0 0 0 0
1610 1 0 0 0 0 0 0 0 0
1612 3 0 0 1 0 0 0 0 0
1619 11 1 1 0 0 0 3 0 0
1622 6 0 0 0 0 0 0 0 0
1625 12 1 1 0 0 0 2 0 0
1626 2 0 0 1 0 0 0 0 0
1627 3 0 0 1 0 0 0 0 0
1629 6 1 1 0 0 0 1 0 0
1631 4 0 0 0 0 0 0 0 0
1632 2 0 0 1 0 0 0 0 0
1633 3 1 1 0 0 0 1 0 0
1643 5 0 0 0 0 0 1 0 0
1720 4 1 1 2 0 0 0 0 0
1724 8 1 1 0 0 0 0 0 0
1725 1 0 0 0 0 0 0 0 0
1728 2 0 0 0 0 0 1 0 0
1729 1 0 0 1 0 0 0 0 0
1730 2 0 0 0 0 0 0 0 0
1731 2 1 1 0 0 0 0 0 0
1737 5 0 0 0 0 0 0 0 0
1738 8 0 0 0 0 0 1 0 0
1739 4 1 1 0 0 0 0 0 0
1741 2 0 0 1 0 0 0 0 0
1744 13 0 0 2 0 0 0 0 0
1745 16 0 0 8 0 0 0 0 0
1748 3 0 0 2 0 0 1 0 0
1749 3 1 1 1 0 0 0 0 0
1750 1 0 0 0 0 0 1 0 0
1752 12 1 1 0 0 0 0 0 0
1753 9 0 0 4 0 0 0 0 0
1763 2 1 1 0 0 0 1 0 0
1765 2 0 0 1 0 0 1 0 0
1766 2 1 1 1 0 0 0 0 0
1768 3 0 0 0 0 0 1 0 0
1770 3 0 0 0 0 0 0 0 0
1772 3 0 0 1 0 0 0 0 0
1773 1 1 1 1 0 0 0 0 0
1784 3 1 1 0 0 0 0 0 0
1786 2 0 0 0 0 0 0 0 0
1787 2 0 0 0 0 0 1 0 0
1788 3 0 0 1 0 0 0 0 0
1799 4 0 0 0 0 0 1 0 0
1800 1 1 1 0 0 0 1 0 0
1801 5 0 0 0 0 0 1 0 0
1811 2 1 1 1 0 0 1 0 0
1812 2 0 0 1 0 0 0 0 0
1813 2 0 0 0 0 0 2 0 0
1815 2 0 0 1 0 0 0 0 0
1818 1 0 0 0 0 0 1 0 0
1820 2 0 0 1 0 0 0 0 0
2050 3 1 1 1 0 0 0 0 0
2106 2 1 1 0 0 0 1 0 0
2110 4 1 1 2 0 0 2 0 0
2114 2 0 0 1 0 0 1 0 0
2117 2 0 0 0 0 0 0 0 0
2125 2 1 1 0 0 0 0 0 0
2136 1 1 1 1 0 0 0 0 0
2171 3 2 2 1 0 0 0 0 0
2178 1 0 0 1 0 0 0 0 0
2180 11 0 0 1 0 0 1 0 0
2182 13 1 1 1 1 0 0 0 0
2184 12 1 1 8 1 0 0 0 0
2189 8 0 0 8 0 0 0 0 0
2191 10 0 0 0 0 0 0 0 0
2193 1 1 1 0 0 0 1 0 0
2194 1 0 0 1 0 0 0 0 0
2197 4 0 0 4 0 0 0 0 0
2199 12 0 0 0 0 0 0 0 0
2200 24 0 0 6 2 0 3 0 0
2204 14 0 0 5 1 0 0 0 0
2205 3 0 0 0 0 0 1 0 0
2207 4 0 0 0 0 0 0 0 0
2209 2 1 1 0 0 0 1 0 0
2215 2 0 0 1 0 0 0 0 0
2220 4 1 1 2 0 0 0 0 0
2221 1 1 1 1 0 0 0 0 0
2226 2 0 0 1 0 0 1 0 0
2230 2 0 0 1 0 0 0 0 0
2244 3 1 1 2 1 0 0 0 0
2246 4 1 1 1 0 0 0 0 0
2261 5 0 0 0 0 0 0 0 0
2263 1 0 0 1 0 0 0 0 0
2264 5 0 0 1 0 0 1 0 0
2265 4 0 0 0 0 0 0 0 0
2267 3 0 0 1 0 0 0 0 0
2275 1 0 0 0 0 0 1 0 0
2279 3 0 0 1 0 0 0 0 0
2299 3 0 0 0 0 0 1 0 0
2300 1 0 0 0 0 0 1 0 0
2301 1 0 0 0 0 0 1 0 0
2306 1 0 0 0 0 0 1 0 0
2311 8 1 1 7 1 0 0 0 0
2481 2 0 0 1 0 0 1 1 1
2483 1 0 0 0 0 0 0 0 0
2484 1 0 0 0 0 0 0 0 0
2488 13 2 2 1 0 0 4 1 1
2490 15 0 0 3 0 0 3 1 1
2494 105 1 1 21 0 0 0 0 0
2495 19 0 0 0 0 0 0 0 0
2497 4 0 0 0 0 0 0 0 0
2503 16 0 0 2 0 0 0 0 0
2526 6 1 1 0 0 0 1 0 0
2533 6 1 1 0 0 0 1 0 0
2535 3 1 1 0 0 0 1 0 0
2579 6 1 1 0 0 0 1 0 0
2581 3 1 1 0 0 0 1 0 0
2653 3 1 1 1 0 0 0 0 0
2686 3 0 0 1 0 0 0 0 0
fn=do_preload
803 6 0 0 0 0 0 3 0 0
805 1 0 0 0 0 0 1 0 0
809 1 0 0 0 0 0 1 0 0
810 1 1 1 0 0 0 1 0 0
811 1 0 0 0 0 0 1 0 0
813 1 0 0 1 0 0 0 0 0
815 6 0 0 0 0 0 1 0 0
816 3 0 0 1 0 0 0 0 0
824 3 1 1 1 0 0 0 0 0
830 5 0 0 4 0 0 0 0 0
fn=init_tls
716 1 0 0 0 0 0 1 0 0
718 2 0 0 1 0 0 1 0 0
722 2 0 0 1 0 0 0 0 0
723 1 1 1 0 0 0 0 0 0
728 2 0 0 0 0 0 1 0 0
731 1 0 0 0 0 0 1 0 0
732 4 0 0 0 0 0 1 0 0
737 1 0 0 0 0 0 0 0 0
739 1 0 0 0 0 0 1 1 1
743 2 1 1 1 1 1 0 0 0
744 1 0 0 0 0 0 0 0 0
745 11 1 1 1 0 0 0 0 0
746 8 0 0 4 0 0 0 0 0
747 8 0 0 4 0 0 0 0 0
751 3 0 0 0 0 0 1 0 0
753 1 0 0 0 0 0 0 0 0
755 3 0 0 0 0 0 0 0 0
758 1 1 1 0 0 0 1 0 0
765 2 0 0 0 0 0 1 0 0
766 2 0 0 0 0 0 0 0 0
772 2 1 1 1 0 0 1 0 0
780 7 0 0 0 0 0 2 0 0
784 1 1 1 0 0 0 1 0 0
786 1 0 0 0 0 0 0 0 0
787 2 0 0 2 0 0 0 0 0
fn=map_doit
624 2 1 1 0 0 0 1 0 0
626 8 1 1 3 0 0 2 0 0
628 2 0 0 2 0 0 0 0 0
fn=rtld_lock_default_lock_recursive
837 10 2 1 10 2 1 0 0 0
fn=rtld_lock_default_unlock_recursive
843 10 2 1 10 1 0 0 0 0
fn=security_init
850 2 0 0 0 0 0 1 0 0
852 1 0 0 1 0 0 0 0 0
854 1 0 0 0 0 0 1 0 0
861 1 0 0 1 0 0 0 0 0
863 1 0 0 0 0 0 1 0 0
865 1 0 0 0 0 0 1 0 0
870 1 1 1 0 0 0 1 0 0
871 3 0 0 2 0 0 0 0 0
fn=version_check_doit
656 2 1 1 0 0 0 1 0 0
658 6 0 0 2 0 0 1 0 0
662 2 0 0 2 0 0 0 0 0
fl=/build/eglibc-MjiXCM/eglibc-2.19/elf/setup-vdso.h
fn=dl_main
24 2 0 0 1 0 0 0 0 0
fl=/build/eglibc-MjiXCM/eglibc-2.19/io/../sysdeps/unix/syscall-template.S
fn=__close_nocancel
81 5 2 2 1 0 0 0 0 0
fn=__open_nocancel
81 5 0 0 1 0 0 0 0 0
fn=__read_nocancel
81 115 0 0 23 0 0 0 0 0
fn=__write_nocancel
81 5720 1 1 1144 0 0 0 0 0
fn=access
81 12 1 1 0 0 0 0 0 0
83 15 1 1 3 0 0 3 1 1
fn=close
81 12 1 1 0 0 0 0 0 0
82 3 0 0 3 0 0 0 0 0
fn=open
81 30 2 2 1 0 0 0 0 0
82 3 0 0 3 0 0 0 0 0
83 20 0 0 4 0 0 4 0 0
fn=read
81 54 1 1 23 0 0 0 0 0
82 2 0 0 2 0 0 0 0 0
fn=write
81 2288 1 1 1144 0 0 0 0 0
fl=/build/eglibc-MjiXCM/eglibc-2.19/io/../sysdeps/unix/sysv/linux/wordsize-64/fxstat.c
fn=_fxstat
33 5 0 0 0 0 0 0 0 0
34 10 2 2 0 0 0 0 0 0
35 30 1 1 0 0 0 0 0 0
39 5 0 0 5 0 0 0 0 0
fl=/build/eglibc-MjiXCM/eglibc-2.19/io/../sysdeps/unix/sysv/linux/wordsize-64/xstat.c
fn=_xstat
33 4 0 0 0 0 0 0 0 0
34 8 1 1 0 0 0 0 0 0
35 36 0 0 3 0 0 3 0 0
39 1 0 0 1 0 0 0 0 0
fl=/build/eglibc-MjiXCM/eglibc-2.19/libio/../sysdeps/unix/sysv/linux/sys/sysmacros.h
fn=_IO_file_doallocate
41 6 0 0 0 0 0 0 0 0
fl=/build/eglibc-MjiXCM/eglibc-2.19/libio/filedoalloc.c
fn=_IO_file_doallocate
96 10 2 1 0 0 0 6 0 0
111 16 2 1 6 1 0 2 2 0
113 8 0 0 2 2 0 0 0 0
116 2 0 0 0 0 0 0 0 0
118 2 1 1 1 0 0 0 0 0
121 1 0 0 1 0 0 0 0 0
124 12 1 1 2 0 0 0 0 0
128 16 0 0 0 0 0 2 0 0
129 10 1 1 0 0 0 2 0 0
130 2 0 0 0 0 0 0 0 0
131 10 0 0 8 0 0 0 0 0
fl=/build/eglibc-MjiXCM/eglibc-2.19/libio/fileops.c
fn=_IO_do_write@@GLIBC_2.2.5
509 6870 1 1 0 0 0 4580 0 0
511 8011 1 1 0 0 0 0 0 0
512 6870 0 0 5725 0 0 0 0 0
523 4576 0 0 1144 0 0 0 0 0
530 4576 0 0 2288 0 0 0 0 0
538 6864 1 1 2288 0 0 1144 0 0
539 3432 0 0 1144 0 0 0 0 0
541 4576 0 0 1144 0 0 3432 0 0
542 2288 0 0 0 0 0 2288 0 0
543 1144 0 0 0 0 0 1144 0 0
544 2288 1 1 1144 0 0 0 0 0
545 3432 1 1 1144 0 0 0 0 0
fn=_IO_file_close
1245 2 1 1 1 0 0 0 0 0
fn=_IO_file_close_it@@GLIBC_2.2.5
158 4 1 1 0 0 0 3 0 0
160 3 0 0 1 0 0 0 0 0
163 2 0 0 0 0 0 0 0 0
164 2 0 0 1 0 0 0 0 0
167 1 0 0 0 0 0 0 0 0
169 2 0 0 0 0 0 1 0 0
172 8 1 1 3 0 0 1 0 0
176 3 1 1 1 0 0 0 0 0
185 5 1 1 0 0 0 1 0 0
186 3 0 0 0 0 0 3 0 0
187 3 0 0 0 0 0 3 0 0
189 2 1 1 0 0 0 1 0 0
190 1 0 0 0 0 0 1 0 0
191 1 0 0 0 0 0 1 0 0
192 1 0 0 0 0 0 1 0 0
194 3 0 0 0 0 0 0 0 0
195 4 0 0 4 0 0 0 0 0
fn=_IO_file_finish@@GLIBC_2.2.5
202 2 1 1 0 0 0 1 0 0
203 2 0 0 1 0 0 0 0 0
209 3 0 0 0 0 0 0 0 0
210 1 0 0 1 0 0 0 0 0
fn=_IO_file_fopen@@GLIBC_2.2.5
224 2 1 1 0 0 0 0 0 0
225 2 0 0 0 0 0 0 0 0
228 2 0 0 0 0 0 1 0 0
232 2 0 0 0 0 0 0 0 0
234 1 0 0 0 0 0 1 0 0
235 4 0 0 1 0 0 1 0 0
236 3 1 1 0 0 0 0 0 0
243 2 0 0 0 0 0 1 0 0
254 9 2 2 0 0 0 6 0 0
255 3 0 0 0 0 0 0 0 0
265 2 0 0 1 0 0 0 0 0
267 5 0 0 1 1 1 0 0 0
270 1 0 0 0 0 0 0 0 0
271 1 1 1 0 0 0 0 0 0
275 2 2 2 1 0 0 0 0 0
292 12 0 0 1 0 0 0 0 0
333 1 0 0 0 0 0 0 0 0
353 4 0 0 0 0 0 1 0 0
354 3 0 0 0 0 0 0 0 0
431 8 0 0 7 0 0 0 0 0
fn=_IO_file_init@@GLIBC_2.2.5
143 4 1 1 0 0 0 2 0 0
147 2 0 0 0 0 0 1 0 0
148 1 0 0 1 0 0 0 0 0
150 1 0 0 0 0 0 1 0 0
151 1 0 0 0 0 0 1 0 0
152 4 0 0 3 0 0 0 0 0
fn=_IO_file_overflow@@GLIBC_2.2.5
824 4584 1 1 0 0 0 3438 0 0
825 3438 0 0 1146 0 0 0 0 0
832 8018 0 0 2290 0 0 0 0 0
835 2 1 1 1 0 0 0 0 0
837 2 1 1 0 0 0 1 0 0
838 6 0 0 2 0 0 3 0 0
847 2 0 0 0 0 0 0 0 0
856 4 0 0 2 0 0 0 0 0
858 1 0 0 0 0 0 1 0 0
859 2 0 0 0 0 0 1 0 0
860 1 0 0 0 0 0 1 0 0
861 2 1 1 0 0 0 2 0 0
863 3 0 0 0 0 0 1 0 0
864 5 0 0 1 0 0 0 0 0
865 2 0 0 0 0 0 1 0 0
867 2292 1 1 0 0 0 0 0 0
868 2290 1 1 0 0 0 0 0 0
869 1145 0 0 0 0 0 0 0 0
870 2 0 0 1 0 0 0 0 0
873 3 0 0 0 0 0 2 1 0
874 3 0 0 1 0 0 0 0 0
875 4 0 0 0 0 0 0 0 0
879 1 0 0 0 0 0 0 0 0
880 3439 0 0 3439 0 0 0 0 0
fn=_IO_file_read
1204 92 1 1 46 0 0 0 0 0
fn=_IO_file_setbuf@@GLIBC_2.2.5
461 2 1 0 0 0 0 1 0 0
462 3 0 0 0 0 0 1 0 0
465 2 0 0 0 0 0 2 0 0
466 2 0 0 1 0 0 1 0 0
467 3 1 1 0 0 0 3 0 0
469 1 0 0 0 0 0 0 0 0
470 2 0 0 2 0 0 0 0 0
fn=_IO_file_stat
1222 2 1 1 0 0 0 0 0 0
1223 6 0 0 2 0 0 0 0 0
fn=_IO_file_sync@@GLIBC_2.2.5
886 2 1 1 0 0 0 1 0 0
891 4 0 0 2 0 0 0 0 0
893 1 1 1 1 0 0 0 0 0
894 2 0 0 1 0 0 0 0 0
911 2 0 0 0 0 0 1 0 0
915 2 0 0 2 0 0 0 0 0
fn=_IO_file_underflow@@GLIBC_2.2.5
552 92 1 1 0 0 0 46 0 0
560 69 0 0 23 0 0 0 0 0
566 69 0 0 46 0 0 0 0 0
569 46 0 0 23 0 0 0 0 0
572 3 1 1 1 0 0 0 0 0
577 4 0 0 1 0 0 1 0 0
582 46 0 0 0 0 0 0 0 0
602 46 1 1 0 0 0 23 0 0
608 69 1 1 23 0 0 46 0 0
609 23 0 0 0 0 0 23 0 0
610 46 0 0 0 0 0 46 0 0
611 23 0 0 0 0 0 23 0 0
613 115 0 0 69 1 0 23 0 0
615 46 0 0 0 0 0 0 0 0
617 1 0 0 0 0 0 0 0 0
618 3 0 0 1 0 0 1 0 0
622 22 1 1 22 0 0 0 0 0
624 1 0 0 0 0 0 0 0 0
625 66 0 0 22 0 0 0 0 0
627 44 0 0 44 1 0 0 0 0
628 92 0 0 69 0 0 0 0 0
fn=_IO_file_write@@GLIBC_2.2.5
1254 8008 0 0 0 0 0 4576 0 0
1256 8008 0 0 0 0 0 0 0 0
1260 3432 0 0 1144 0 0 0 0 0
1261 3432 1 1 1144 0 0 1144 0 0
1262 2288 0 0 0 0 0 0 0 0
1267 1144 0 0 0 0 0 0 0 0
1268 1144 0 0 0 0 0 0 0 0
1271 3432 0 0 1144 0 0 0 0 0
1274 10296 1 1 5720 0 0 0 0 0
fn=_IO_file_xsputn@@GLIBC_2.2.5
1281 64064 1 1 0 0 0 48048 1 0
1287 16016 0 0 0 0 0 0 0 0
1288 8008 0 0 0 0 0 0 0 0
1294 41184 0 0 6864 0 0 0 0 0
1296 20589 1 1 13726 0 0 0 0 0
1297 13726 0 0 0 0 0 0 0 0
1300 49699 0 0 0 0 0 0 0 0
1302 31084 0 0 9980 0 0 0 0 0
1304 4576 2 2 0 0 0 0 0 0
1311 6 0 0 2 0 0 0 0 0
1315 10295 0 0 0 0 0 0 0 0
1320 34315 0 0 0 0 0 13726 0 0
1325 6863 0 0 0 0 0 0 0 0
1326 20589 0 0 0 0 0 0 0 0
1328 20592 0 0 0 0 0 0 0 0
1332 6870 0 0 2290 1 0 1145 0 0
1338 2290 1 1 2290 0 0 0 0 0
1339 6870 0 0 0 0 0 0 0 0
1341 3435 0 0 0 0 0 0 0 0
1352 2290 0 0 0 0 0 0 0 0
1353 6 0 0 0 0 0 1 0 0
1355 13728 0 0 0 0 0 0 0 0
1356 64064 2 2 56056 0 0 0 0 0
fl=/build/eglibc-MjiXCM/eglibc-2.19/libio/genops.c
fn=_IO_cleanup
950 13 0 0 4 0 0 0 0 0
952 9 0 0 3 0 0 0 0 0
953 4 0 0 0 0 0 0 0 0
954 2 0 0 0 0 0 0 0 0
956 4 1 1 1 0 0 0 0 0
962 17 1 1 7 2 0 2 0 0
970 5 0 0 2 0 0 0 0 0
972 2 1 1 0 0 0 1 0 0
974 2 0 0 1 0 0 1 0 0
975 1 0 0 0 0 0 1 0 0
976 2 0 0 1 0 0 1 0 0
977 4 0 0 1 0 0 1 0 0
980 5 0 0 2 1 0 1 0 0
983 5 1 1 1 0 0 0 0 0
984 8 1 1 3 0 0 1 0 0
990 3 1 1 0 0 0 3 0 0
1010 5 2 2 0 0 0 4 0 0
1013 3 0 0 0 0 0 1 0 0
1025 7 0 0 5 0 0 0 0 0
fn=_IO_default_finish
686 2 1 1 0 0 0 1 0 0
688 3 0 0 1 0 0 0 0 0
694 3 0 0 1 0 0 0 0 0
697 3 1 1 1 0 0 0 0 0
703 2 0 0 0 0 0 0 0 0
709 1 0 0 1 0 0 0 0 0
fn=_IO_default_setbuf
400 5 0 0 1 0 0 0 0 0
402 1 0 0 0 0 0 1 0 0
403 1 0 0 0 0 0 1 0 0
407 2 0 0 0 0 0 1 0 0
557 6 1 1 0 0 0 3 0 0
558 4 0 0 2 1 0 1 0 0
560 2 0 0 0 0 0 0 0 0
562 2 0 0 0 0 0 1 0 0
563 2 1 1 0 0 0 0 0 0
567 2 0 0 1 0 0 0 0 0
570 3 0 0 0 0 0 3 0 0
571 3 1 1 0 0 0 3 0 0
572 1 0 0 0 0 0 0 0 0
573 4 0 0 4 0 0 0 0 0
fn=_IO_default_uflow
434 46 1 1 0 0 0 23 0 0
435 46 0 0 46 0 0 23 0 0
436 46 1 1 0 0 0 0 0 0
438 88 0 0 44 0 0 22 0 0
439 46 0 0 46 0 0 0 0 0
fn=_IO_default_xsputn
447 6 0 0 0 0 0 5 0 0
450 6 1 1 0 0 0 0 0 0
451 1 0 0 0 0 0 0 0 0
455 8 1 1 4 0 0 0 0 0
480 12 0 0 3 0 0 1 0 0
482 1 0 0 0 0 0 0 0 0
484 2 1 1 0 0 0 0 0 0
485 6 0 0 6 0 0 0 0 0
fn=_IO_doallocbuf
414 8 2 1 0 0 0 6 2 0
415 4 0 0 2 0 0 0 0 0
417 6 0 0 2 0 0 0 0 0
418 10 0 0 4 2 0 2 0 0
421 8 0 0 8 0 0 0 0 0
fn=_IO_flush_all_lockp
822 8 1 1 0 0 0 6 0 0
823 1 0 0 0 0 0 0 0 0
828 3 0 0 0 0 0 0 0 0
833 1 0 0 1 1 0 0 0 0
834 1 1 1 1 1 0 0 0 0
835 8 1 1 0 0 0 0 0 0
837 3 0 0 0 0 0 3 0 0
838 6 0 0 0 0 0 0 0 0
839 2 0 0 1 0 0 0 0 0
841 21 3 3 9 6 2 0 0 0
851 6 0 0 0 0 0 0 0 0
853 3 0 0 0 0 0 3 0 0
855 9 1 1 3 0 0 0 0 0
862 3 0 0 3 3 1 0 0 0
866 2 0 0 0 0 0 0 0 0
868 2 0 0 0 0 0 0 0 0
872 9 0 0 7 0 0 0 0 0
fn=_IO_link_in
99 8 1 1 0 0 0 4 0 0
100 6 0 0 2 0 0 0 0 0
102 2 0 0 0 0 0 1 0 0
104 6 0 0 1 0 0 2 0 0
105 13 1 1 5 1 1 2 0 0
106 1 0 0 0 0 0 1 1 1
107 18 2 2 10 0 0 1 0 0
109 2 0 0 1 1 0 1 0 0
110 1 0 0 0 0 0 1 0 0
111 1 1 1 1 0 0 0 0 0
113 15 1 1 5 0 0 2 0 0
114 1 0 0 0 0 0 1 0 0
115 9 1 1 2 0 0 2 0 0
116 2 0 0 0 0 0 0 0 0
119 8 1 1 6 0 0 0 0 0
fn=_IO_no_init
643 9 2 2 0 0 0 4 0 0
644 1 0 0 0 0 0 1 0 0
645 1 0 0 0 0 0 1 0 0
647 2 0 0 0 0 0 0 0 0
649 1 0 0 0 0 0 1 0 0
650 1 0 0 0 0 0 1 1 1
651 1 0 0 0 0 0 1 0 0
652 1 0 0 0 0 0 1 0 0
653 1 1 1 0 0 0 1 0 0
654 1 0 0 0 0 0 1 0 0
655 1 0 0 0 0 0 1 0 0
656 1 0 0 0 0 0 1 0 0
657 1 0 0 0 0 0 1 0 0
658 1 0 0 0 0 0 1 1 1
659 1 0 0 0 0 0 1 0 0
660 1 0 0 0 0 0 1 0 0
662 1 0 0 0 0 0 1 0 0
669 1 1 1 0 0 0 1 0 0
670 6 0 0 5 0 0 0 0 0
fn=_IO_old_init
610 2 0 0 0 0 0 1 0 0
611 1 0 0 0 0 0 1 0 0
612 1 0 0 0 0 0 1 1 1
613 1 0 0 0 0 0 1 0 0
614 1 0 0 0 0 0 1 0 0
615 1 1 1 0 0 0 1 0 0
616 1 0 0 0 0 0 1 0 0
617 1 0 0 0 0 0 1 0 0
618 1 0 0 0 0 0 1 0 0
619 1 0 0 0 0 0 1 0 0
620 1 0 0 0 0 0 1 0 0
622 1 0 0 0 0 0 1 0 0
623 1 0 0 0 0 0 1 0 0
624 1 0 0 0 0 0 1 0 0
625 1 0 0 0 0 0 1 0 0
626 2 1 1 0 0 0 1 0 0
631 3 0 0 1 0 0 0 0 0
632 4 0 0 1 0 0 3 1 1
fn=_IO_setb
399 15 1 1 0 0 0 6 0 0
400 14 0 0 6 0 0 0 0 0
401 11 0 0 4 0 0 3 0 0
402 3 0 0 0 0 0 3 0 0
403 3 0 0 0 0 0 3 0 0
405 18 1 1 0 0 0 3 0 0
408 12 0 0 9 0 0 0 0 0
fn=_IO_sputbackc
726 120004 1 1 0 0 0 60002 0 0
729 180006 0 0 120004 0 0 0 0 0
730 120004 0 0 60002 0 0 0 0 0
732 180006 1 1 0 0 0 60002 0 0
733 60002 0 0 0 0 0 0 0 0
739 60002 0 0 60002 0 0 0 0 0
742 120004 0 0 120004 0 0 0 0 0
fn=_IO_switch_to_get_mode
182 46 1 1 0 0 0 23 0 0
183 69 0 0 46 0 0 0 0 0
186 69 0 0 23 0 0 0 0 0
190 46 0 0 23 0 0 23 0 0
191 46 0 0 23 0 0 0 0 0
194 23 0 0 0 0 0 23 0 0
196 46 0 0 0 0 0 46 0 0
198 46 0 0 0 0 0 23 0 0
199 23 0 0 0 0 0 0 0 0
200 46 0 0 46 0 0 0 0 0
fn=_IO_un_link
60 12 1 1 0 0 0 6 0 0
61 6 0 0 3 0 0 0 0 0
65 6 1 1 1 0 0 2 0 0
66 11 1 1 5 1 0 1 0 0
67 1 0 0 0 0 0 1 1 0
68 20 2 2 10 0 0 1 0 0
70 3 0 0 1 1 0 0 0 0
72 2 0 0 0 0 0 0 0 0
74 3 1 1 1 0 0 1 0 0
75 1 0 0 1 0 0 0 0 0
85 2 1 1 0 0 0 1 0 0
87 11 1 1 4 0 0 1 0 0
88 1 0 0 0 0 0 1 0 0
89 7 1 1 3 0 0 1 0 0
90 2 0 0 0 0 0 0 0 0
93 12 0 0 9 0 0 0 0 0
fn=_IO_unsave_markers
1119 2 1 1 0 0 0 1 0 0
1121 2 0 0 1 0 0 0 0 0
1140 3 0 0 1 0 0 0 0 0
1142 2 1 1 2 0 0 0 0 0
fn=__uflow
363 46 1 1 0 0 0 23 0 0
365 115 1 1 23 0 0 0 0 0
371 115 1 1 69 0 0 0 0 0
374 46 0 0 0 0 0 0 0 0
376 46 0 0 0 0 0 0 0 0
382 46 0 0 23 21 0 0 0 0
387 69 1 1 23 0 0 0 0 0
389 92 0 0 46 2 0 0 0 0
390 23 0 0 23 0 0 0 0 0
fl=/build/eglibc-MjiXCM/eglibc-2.19/libio/iofclose.c
fn=fclose@@GLIBC_2.2.5
40 4 1 1 0 0 0 3 0 0
54 4 0 0 1 0 0 0 0 0
55 4 1 1 1 0 0 1 0 0
57 18 2 2 9 0 0 1 0 0
58 2 0 0 0 0 0 0 0 0
59 5 0 0 1 0 0 1 0 0
61 3 0 0 0 0 0 0 0 0
63 4 0 0 2 1 0 1 0 0
64 3 1 1 1 0 0 0 0 0
79 2 1 1 1 0 0 0 0 0
82 6 1 1 3 1 0 0 0 0
84 1 0 0 0 0 0 1 0 0
85 2 0 0 0 0 0 1 0 0
89 5 0 0 4 0 0 0 0 0
fl=/build/eglibc-MjiXCM/eglibc-2.19/libio/iofopen.c
fn=__fopen_internal
65 8 1 1 0 0 0 4 0 0
73 3 1 1 0 0 0 1 0 0
75 2 0 0 0 0 0 0 0 0
78 2 0 0 0 0 0 1 1 1
81 6 0 0 0 0 0 1 0 0
85 2 0 0 0 0 0 1 0 0
86 2 1 1 0 0 0 1 0 0
90 7 0 0 0 0 0 1 0 0
91 2 0 0 0 0 0 0 0 0
96 5 0 0 4 1 0 0 0 0
fn=__fopen_maybe_mmap
40 1 0 0 0 0 0 0 0 0
42 2 1 1 1 0 0 0 0 0
57 1 0 0 1 0 0 0 0 0
fn=fopen@@GLIBC_2.2.5
103 2 1 1 0 0 0 0 0 0
fl=/build/eglibc-MjiXCM/eglibc-2.19/libio/libioP.h
fn=fclose@@GLIBC_2.2.5
904 2 0 0 0 0 0 0 0 0
905 9 1 1 4 0 0 1 0 0
fl=/build/eglibc-MjiXCM/eglibc-2.19/malloc/arena.c
fn=malloc_hook_ini
373 3 0 0 1 1 1 0 0 0
fn=ptmalloc_init.part.7
334 234 0 0 78 11 0 0 0 0
336 154 0 0 77 35 0 0 0 0
337 2 0 0 1 0 0 0 0 0
338 2 0 0 1 0 0 0 0 0
352 77 0 0 0 0 0 0 0 0
371 6 1 1 0 0 0 5 0 0
376 1 0 0 0 0 0 1 0 0
384 2 1 1 1 0 0 0 0 0
385 7 1 1 0 0 0 1 0 0
386 4 1 1 2 0 0 0 0 0
391 3 0 0 1 1 0 1 1 0
392 12 2 2 1 1 0 6 2 2
394 5 0 0 2 1 0 0 0 0
410 2 0 0 0 0 0 0 0 0
455 2 1 1 0 0 0 0 0 0
461 2 0 0 2 1 1 0 0 0
462 2 0 0 0 0 0 0 0 0
464 1 0 0 0 0 0 1 1 0
465 7 0 0 6 0 0 0 0 0
fl=/build/eglibc-MjiXCM/eglibc-2.19/malloc/hooks.c
fn=malloc_hook_ini
29 4 1 1 1 1 0 2 0 0
30 2 1 1 1 0 0 1 0 0
32 1 0 0 0 0 0 0 0 0
33 1 0 0 0 0 0 0 0 0
fl=/build/eglibc-MjiXCM/eglibc-2.19/malloc/malloc.c
fn=_int_free
1869 3594351 1 1 1198117 4269 0 0 0 0
3814 10783053 1 1 0 0 0 8386819 15574 0
3827 3594351 0 0 1198117 0 0 0 0 0
3833 4792468 1 1 0 0 0 0 0 0
3834 2396234 0 0 0 0 0 0 0 0
3845 4792468 0 0 0 0 0 0 0 0
3858 3594351 0 0 1198117 4190 0 0 0 0
3869 4784448 1 1 1196112 0 0 0 0 0
3870 3588336 0 0 1196112 2291 0 0 0 0
3894 1196112 0 0 0 0 0 0 0 0
3896 3588336 1 1 2392224 2375 0 0 0 0
3897 2392224 0 0 0 0 0 0 0 0
3898 2392224 0 0 0 0 0 0 0 0
3901 1196112 0 0 1196112 0 0 0 0 0
3902 4784448 0 0 0 0 0 0 0 0
3907 3588336 0 0 1196112 0 0 0 0 0
3916 4547360 1 1 0 0 0 0 0 0
3918 1196112 0 0 0 0 0 1196112 0 0
3920 7176672 0 0 2392224 0 0 0 0 0
3922 4547360 0 0 0 0 0 0 0 0
3933 4010 1 1 0 0 0 0 0 0
3934 6015 0 0 2005 0 0 0 0 0
3943 14035 2 2 6015 2003 0 0 0 0
3945 4010 0 0 0 0 0 2005 0 0
3948 2005 0 0 0 0 0 0 0 0
3952 6015 1 1 2005 1002 0 0 0 0
3958 8020 0 0 2005 0 0 0 0 0
3960 6015 1 1 2005 1002 0 0 0 0
3966 6015 0 0 2005 1002 0 0 0 0
3972 4010 0 0 0 0 0 0 0 0
3973 4010 0 0 0 0 0 0 0 0
3974 4010 0 0 2005 1001 0 0 0 0
3983 4010 0 0 2005 0 0 0 0 0
3984 1003 0 0 1003 0 0 0 0 0
3985 1003 0 0 0 0 0 0 0 0
3986 1003 0 0 0 0 0 0 0 0
3987 13036 0 0 6017 3 0 2006 0 0
3990 4010 1 1 2005 0 0 0 0 0
3995 2010 0 0 1005 3 0 0 0 0
3996 10 0 0 5 2 0 2 0 0
3997 1 0 0 0 0 0 0 0 0
3999 2008 1 1 1004 0 0 0 0 0
4007 1005 0 0 0 0 0 0 0 0
4008 1005 1 1 1005 1002 0 0 0 0
4009 2010 0 0 1005 419 0 0 0 0
4014 1005 1 1 0 0 0 1005 1001 0
4015 1005 0 0 0 0 0 1005 0 0
4016 2010 0 0 0 0 0 0 0 0
4018 1004 0 0 0 0 0 1004 0 0
4019 1004 0 0 0 0 0 1004 0 0
4021 1005 0 0 0 0 0 1005 0 0
4022 1005 0 0 0 0 0 1005 0 0
4024 3015 0 0 0 0 0 1005 0 0
4025 1005 0 0 0 0 0 1005 0 0
4036 1000 1 1 0 0 0 0 0 0
4037 3000 0 0 0 0 0 1000 0 0
4038 2000 0 0 0 0 0 1000 0 0
4055 4010 0 0 0 0 0 0 0 0
4056 2002 1 1 1001 0 0 0 0 0
4057 3003 0 0 0 0 0 1001 1001 0
4059 3003 0 0 0 0 0 0 0 0
4061 5005 1 1 3003 1003 0 0 0 0
4063 5005 0 0 1001 0 0 1001 0 0
4075 6015 1 1 2005 2 0 0 0 0
4076 6015 0 0 2005 0 0 0 0 0
4077 8020 0 0 4010 2 0 0 0 0
4087 9584936 0 0 8386819 6 0 0 0 0
fn=_int_malloc
1862 3594351 0 0 1198117 7470 1 0 0 0
2271 20 0 0 8 6 0 8 0 0
2272 8 1 1 0 0 0 0 0 0
2282 8 0 0 4 4 1 0 0 0
2360 4 0 0 0 0 0 0 0 0
2369 28 2 2 3 0 0 0 0 0
2375 6 0 0 3 0 0 0 0 0
2378 12 1 1 0 0 0 0 0 0
2433 8 1 1 4 0 0 0 0 0
2442 20 0 0 4 0 0 0 0 0
2452 36 1 1 4 0 0 8 0 0
2460 8 0 0 0 0 0 0 0 0
2462 24 0 0 12 4 0 8 0 0
2466 20 0 0 8 0 0 0 0 0
2469 8 1 1 8 3 0 0 0 0
2470 8 0 0 0 0 0 0 0 0
2489 4 0 0 0 0 0 0 0 0
2516 8 0 0 4 4 1 0 0 0
2517 1 0 0 0 0 0 1 0 0
2518 12 0 0 4 0 0 4 0 0
2524 14 1 1 0 0 0 0 0 0
2525 18 0 0 3 0 0 3 0 0
2527 8 3 3 1 0 0 0 0 0
2569 6 2 2 0 0 0 0 0 0
2588 1 0 0 0 0 0 0 0 0
2591 2 0 0 0 0 0 0 0 0
2592 7 1 1 2 0 0 0 0 0
2594 2 0 0 0 0 0 0 0 0
2595 4 0 0 2 0 0 2 0 0
2607 3 0 0 1 0 0 0 0 0
2615 2 1 1 2 0 0 0 0 0
2616 3 0 0 1 0 0 0 0 0
2654 1 0 0 0 0 0 1 0 0
2655 5 0 0 0 0 0 1 1 1
2656 2 0 0 0 0 0 1 0 0
2667 2 1 1 0 0 0 0 0 0
2700 8 1 1 4 0 0 0 0 0
2701 4 1 1 0 0 0 4 0 0
2706 8 0 0 4 0 0 0 0 0
2709 8 0 0 4 0 0 0 0 0
2711 4 0 0 0 0 0 0 0 0
2712 4 0 0 0 0 0 0 0 0
2713 4 0 0 0 0 0 4 0 0
2714 32 0 0 0 0 0 4 0 0
2715 8 0 0 0 0 0 4 2 2
2717 4 0 0 0 0 0 0 0 0
3302 9584936 1 1 0 0 0 8386819 67568 0
3332 11981170 0 0 0 0 0 0 0 0
3340 2396234 1 1 1198117 9573 1 0 0 0
3342 3588336 0 0 0 0 0 0 0 0
3343 3588336 0 0 0 0 0 0 0 0
3344 1196112 0 0 1196112 0 0 0 0 0
3348 2392224 0 0 0 0 0 0 0 0
3351 6949056 0 0 3474528 72238 0 0 0 0
3352 3474528 0 0 0 0 0 0 0 0
3355 5790880 1 1 1158176 34203 0 0 0 0
3377 79882 2 2 0 0 0 0 0 0
3379 75874 0 0 0 0 0 0 0 0
3380 75874 0 0 0 0 0 0 0 0
3382 113811 0 0 37937 7502 1 0 0 0
3384 47490 0 0 0 0 0 0 0 0
3388 23744 0 0 23744 6835 0 0 0 0
3389 47488 0 0 23744 16702 0 0 0 0
3394 23744 0 0 23744 0 0 0 0 0
3395 23744 0 0 0 0 0 23744 0 0
3396 23744 0 0 0 0 0 23744 0 0
3398 71232 0 0 0 0 0 0 0 0
3421 28048 3 3 0 0 0 0 0 0
3422 4008 0 0 2004 0 0 0 0 0
3423 8004 1 1 2001 0 0 4002 0 0
3442 163404 1 1 43670 0 0 0 0 0
3444 30068 0 0 30068 427 0 0 0 0
3445 90204 1 1 30068 7681 0 0 0 0
3446 60136 0 0 30068 1 0 0 0 0
3449 30068 0 0 0 0 0 0 0 0
3459 65762 0 0 0 0 0 0 0 0
3460 3226 0 0 0 0 0 0 0 0
3461 3853 1 1 1613 0 0 0 0 0
3462 1120 0 0 0 0 0 0 0 0
3465 21 0 0 0 0 0 0 0 0
3466 21 0 0 0 0 0 0 0 0
3467 42 0 0 0 0 0 42 0 0
3468 21 0 0 0 0 0 21 0 0
3469 42 0 0 0 0 0 42 4 0
3470 42 0 0 0 0 0 0 0 0
3476 168 1 1 0 0 0 21 0 0
3478 63 0 0 0 0 0 21 0 0
3479 21 0 0 0 0 0 21 8 0
3482 21 1 1 0 0 0 0 0 0
3488 30047 0 0 0 0 0 30047 0 0
3489 30047 0 0 0 0 0 30047 12930 0
3493 60094 0 0 0 0 0 0 0 0
3495 2574 0 0 2574 0 0 0 0 0
3496 10296 0 0 0 0 0 0 0 0
3506 54946 1 1 0 0 0 0 0 0
3508 54628 0 0 0 0 0 0 0 0
3509 81942 0 0 0 0 0 0 0 0
3510 27314 0 0 27314 385 0 0 0 0
3514 1288 0 0 0 0 0 0 0 0
3515 159 0 0 0 0 0 0 0 0
3516 159 0 0 159 102 0 0 0 0
3519 318 0 0 0 0 0 0 0 0
3522 133 0 0 0 0 0 0 0 0
3524 532 1 1 266 123 0 0 0 0
3525 266 0 0 0 0 0 0 0 0
3530 15 0 0 0 0 0 15 0 0
3531 30 0 0 15 8 0 15 0 0
3532 45 0 0 0 0 0 30 0 0
3536 354 1 1 118 76 0 0 0 0
3537 336 0 0 0 0 0 0 0 0
3539 50 0 0 50 30 0 0 0 0
3540 150 0 0 50 31 0 0 0 0
3543 118 0 0 0 0 0 0 0 0
3545 216 1 1 108 54 0 0 0 0
3548 10 0 0 0 0 0 10 0 0
3549 20 0 0 10 6 0 10 0 0
3550 10 0 0 0 0 0 10 0 0
3551 30 0 0 10 0 0 10 0 0
3553 236 1 1 118 58 0 0 0 0
3557 104 1 1 0 0 0 52 0 0
3560 164838 0 0 27473 1278 0 0 0 0
3561 27473 0 0 0 0 0 27473 0 0
3562 27473 0 0 0 0 0 27473 0 0
3563 27473 0 0 0 0 0 27473 1465 0
3564 27473 0 0 0 0 0 27473 0 0
3567 54946 0 0 0 0 0 0 0 0
3576 27204 1 1 0 0 0 0 0 0
3578 4008 1 1 0 0 0 0 0 0
3581 6012 0 0 2004 1004 0 0 0 0
3649 13602 0 0 0 0 0 0 0 0
3650 27204 0 0 0 0 0 0 0 0
3651 27204 0 0 0 0 0 0 0 0
3652 27204 0 0 13602 1398 0 0 0 0
3653 27204 0 0 0 0 0 0 0 0
3658 83034 1 1 0 0 0 0 0 0
3662 116035 1 1 0 0 0 0 0 0
3665 120024 0 0 30006 1 0 0 0 0
3672 7476 1 1 0 0 0 0 0 0
3674 1905 0 0 0 0 0 0 0 0
3676 3810 0 0 0 0 0 0 0 0
3680 1833 0 0 1833 1422 0 0 0 0
3683 3666 0 0 0 0 0 0 0 0
3685 1185 0 0 0 0 0 237 0 0
3686 237 0 0 0 0 0 0 0 0
3687 237 0 0 0 0 0 0 0 0
3692 4788 0 0 1596 1326 0 0 0 0
3695 3192 0 0 0 0 0 0 0 0
3697 3192 0 0 0 0 0 0 0 0
3700 15960 1 1 6384 1545 0 3192 0 0
3703 3192 0 0 0 0 0 0 0 0
3713 1596 0 0 0 0 0 0 0 0
3718 1596 1 1 1596 0 0 0 0 0
3719 3192 0 0 1596 0 0 0 0 0
3724 1596 0 0 0 0 0 1596 756 0
3725 1596 0 0 0 0 0 1596 0 0
3726 1596 0 0 0 0 0 1596 0 0
3727 1596 0 0 0 0 0 1596 0 0
3730 3192 1 1 0 0 0 0 0 0
3731 1596 0 0 0 0 0 1596 0 0
3732 3192 0 0 0 0 0 0 0 0
3737 12768 1 1 0 0 0 1596 0 0
3739 4788 0 0 0 0 0 1596 0 0
3740 3192 0 0 0 0 0 1596 116 0
3743 1186090 0 0 0 0 0 0 0 0
3747 237 0 0 0 0 0 0 0 0
3765 12006 0 0 12006 1 0 0 0 0
3766 36018 0 0 12006 1503 0 0 0 0
3768 36018 1 1 0 0 0 0 0 0
3770 12002 0 0 0 0 0 0 0 0
3771 12002 0 0 0 0 0 0 0 0
3772 12002 0 0 0 0 0 12002 0 0
3773 96016 2 2 0 0 0 12002 0 0
3775 24004 0 0 0 0 0 12002 7003 5005
3778 12002 0 0 0 0 0 0 0 0
3785 8 0 0 4 0 0 0 0 0
3790 64788 0 0 0 0 0 16197 0 0
3792 404925 1 1 0 0 0 161970 4410 0
3801 8 0 0 0 0 0 0 0 0
3806 10783053 1 1 8386819 4 0 0 0 0
4990 64788 0 0 0 0 0 32394 0 0
4992 48591 2 2 16197 0 0 16197 0 0
5000 4 1 1 0 0 0 4 0 0
fn=calloc
3161 15 1 1 0 0 0 12 0 0
3171 6 0 0 0 0 0 0 0 0
3174 15 0 0 0 0 0 0 0 0
3184 6 0 0 6 0 0 0 0 0
3185 6 0 0 0 0 0 0 0 0
3197 30 1 1 12 0 0 0 0 0
3204 3 0 0 3 0 0 0 0 0
3205 6 1 1 3 0 0 0 0 0
3212 9 0 0 0 0 0 0 0 0
3219 12 0 0 0 0 0 3 0 0
3222 30 1 1 3 0 0 0 0 0
3238 12 0 0 6 0 0 0 0 0
3239 3 0 0 0 0 0 0 0 0
3242 9 1 1 3 0 0 0 0 0
3250 3 0 0 0 0 0 0 0 0
3253 24 2 2 3 0 0 0 0 0
3264 3 0 0 0 0 0 0 0 0
3265 6 0 0 0 0 0 0 0 0
3266 6 0 0 0 0 0 0 0 0
3268 6 0 0 0 0 0 0 0 0
3269 9 0 0 0 0 0 0 0 0
3294 15 0 0 12 0 0 0 0 0
fn=free
2917 2396234 1 1 2396234 47629 0 0 0 0
2918 2396234 0 0 0 0 0 0 0 0
2924 2396234 0 0 0 0 0 0 0 0
2927 1198117 0 0 0 0 0 0 0 0
2929 3594351 0 0 1198117 565146 0 0 0 0
2945 3594351 1 1 0 0 0 0 0 0
2946 2396234 0 0 0 0 0 0 0 0
fn=malloc
2876 4792460 1 1 0 0 0 2396230 0 0
2881 2396230 1 1 2396230 1344 0 0 0 0
2882 2396230 0 0 0 0 0 0 0 0
2883 2 1 1 1 0 0 0 0 0
2885 2396228 0 0 2396228 10322 0 0 0 0
2887 9584912 1 1 2396228 18052 0 0 0 0
2891 4792456 0 0 0 0 0 1198114 0 0
2892 2396228 0 0 0 0 0 0 0 0
2903 4792456 0 0 2396228 2 0 0 0 0
2904 9584912 1 1 1198114 8791 0 0 0 0
2907 5990573 0 0 3594345 2 0 0 0 0
fn=malloc_consolidate
1785 381 0 0 0 0 0 0 0 0
1788 381 0 0 0 0 0 254 31 31
1792 3 1 1 0 0 0 0 0 0
1796 3 1 1 1 0 0 1 0 0
1797 2 0 0 0 0 0 1 0 0
1799 1 0 0 0 0 0 1 1 1
4104 24016 1 1 0 0 0 18012 1 0
4126 6007 0 0 3002 0 0 0 0 0
4127 9003 0 0 6002 1001 0 0 0 0
4129 3001 0 0 0 0 0 0 0 0
4139 3001 0 0 0 0 0 0 0 0
4140 3001 0 0 0 0 0 0 0 0
4142 60020 0 0 60020 2 0 0 0 0
4143 87029 0 0 0 0 0 0 0 0
4146 36791 0 0 36791 11201 0 0 0 0
4149 110373 1 1 36791 23390 0 0 0 0
4150 36791 0 0 0 0 0 0 0 0
4151 73582 0 0 36791 0 0 0 0 0
4153 73582 0 0 0 0 0 0 0 0
4154 4938 0 0 4938 0 0 0 0 0
4155 4938 0 0 0 0 0 0 0 0
4156 4938 0 0 0 0 0 0 0 0
4157 49781 3 3 24841 11944 0 9936 0 0
4160 73582 1 1 36791 1025 0 0 0 0
4163 73578 0 0 36789 18723 0 0 0 0
4164 5038 0 0 0 0 0 0 0 0
4165 50796 3 3 25340 8334 0 10126 0 0
4167 63502 0 0 31751 0 0 0 0 0
4169 36789 1 1 36789 998 0 0 0 0
4170 36789 0 0 0 0 0 36789 0 0
4171 36789 0 0 0 0 0 36789 518 0
4173 73578 1 1 0 0 0 0 0 0
4174 168 0 0 0 0 0 168 0 0
4175 168 0 0 0 0 0 168 0 0
4178 110367 0 0 0 0 0 36789 0 0
4179 36789 0 0 0 0 0 36789 0 0
4180 36789 0 0 0 0 0 36789 0 0
4181 36789 0 0 0 0 0 36789 0 0
4185 2 0 0 0 0 0 0 0 0
4186 4 0 0 0 0 0 2 0 0
4187 2 0 0 0 0 0 2 0 0
4190 107372 0 0 0 0 0 0 0 0
4193 120040 1 1 0 0 0 0 0 0
4199 24016 0 0 21014 2 0 0 0 0
4990 15005 0 0 0 0 0 6002 0 0
4992 6002 1 1 3001 0 0 3001 2320 0
4996 1 1 1 0 0 0 0 0 0
fn=systrim.isra.1
2736 9009 1 1 0 0 0 6006 0 0
2746 2002 0 0 2002 2002 0 0 0 0
2747 3003 1 1 2002 0 0 0 0 0
2749 1001 0 0 0 0 0 0 0 0
2750 2002 0 0 0 0 0 0 0 0
2751 1000 0 0 0 0 0 0 0 0
2754 6006 0 0 0 0 0 1001 0 0
2760 5005 0 0 2002 2002 0 1001 1001 0
2761 4004 1 1 1001 0 0 0 0 0
2773 3003 0 0 2002 0 0 1001 0 0
2775 2002 0 0 2002 2 0 0 0 0
2776 3003 0 0 1001 0 0 0 0 0
2778 4004 1 1 2002 0 0 2002 0 0
2782 2002 0 0 0 0 0 0 0 0
2786 3003 0 0 1001 0 0 0 0 0
2789 1 0 0 1 1 0 0 0 0
2790 4 0 0 1 0 0 1 0 0
2792 2 0 0 0 0 0 0 0 0
2797 8008 0 0 7007 0 0 0 0 0
fl=/build/eglibc-MjiXCM/eglibc-2.19/malloc/morecore.c
fn=__default_morecore
46 3008 1 1 0 0 0 0 0 0
47 3008 0 0 0 0 0 3008 0 0
49 9024 0 0 0 0 0 0 0 0
52 9024 0 0 3008 0 0 0 0 0
fl=/build/eglibc-MjiXCM/eglibc-2.19/misc/../sysdeps/unix/syscall-template.S
fn=mmap
81 55 2 2 0 0 0 0 0 0
82 11 0 0 11 0 0 0 0 0
fn=mprotect
81 24 1 1 0 0 0 0 0 0
82 6 0 0 6 0 0 0 0 0
fn=munmap
81 8 1 1 0 0 0 0 0 0
82 2 0 0 2 0 0 0 0 0
fl=/build/eglibc-MjiXCM/eglibc-2.19/misc/../sysdeps/unix/sysv/linux/x86_64/brk.c
fn=brk
28 6 0 0 0 0 0 0 0 0
31 48 2 2 6 0 0 6 0 0
33 12 0 0 0 0 0 0 0 0
39 6 0 0 0 0 0 0 0 0
40 6 0 0 6 0 0 0 0 0
fl=/build/eglibc-MjiXCM/eglibc-2.19/misc/init-misc.c
fn=__init_misc
30 4 1 1 0 0 0 2 0 0
31 5 1 1 1 0 0 0 0 0
33 3 0 0 0 0 0 1 0 0
37 5 0 0 1 0 0 1 1 0
38 3 0 0 2 0 0 1 0 0
40 4 0 0 3 0 0 0 0 0
fl=/build/eglibc-MjiXCM/eglibc-2.19/misc/sbrk.c
fn=sbrk
34 12032 1 1 0 0 0 9024 0 0
42 21053 0 0 9023 3015 1 0 0 0
43 6 1 1 1 0 0 1 0 0
46 6016 0 0 0 0 0 0 0 0
50 17 0 0 0 0 0 0 0 0
52 2 1 1 0 0 0 0 0 0
53 19 0 0 0 0 0 5 3 0
57 15040 0 0 12032 0 0 0 0 0
fl=/build/eglibc-MjiXCM/eglibc-2.19/nptl/../nptl/sysdeps/unix/sysv/linux/register-atfork.c
fn=__linkin_atfork
116 2 1 1 1 1 1 1 0 0
117 6 0 0 2 1 0 0 0 0
119 1 0 0 1 0 0 0 0 0
fl=/build/eglibc-MjiXCM/eglibc-2.19/nptl/../nptl/sysdeps/unix/sysv/linux/unregister-atfork.c
fn=__unregister_atfork
28 2 0 0 0 0 0 1 0 0
36 1 1 1 1 1 0 0 0 0
39 4 0 0 0 0 0 0 0 0
40 3 1 1 1 1 0 0 0 0
45 1 0 0 1 1 0 0 0 0
121 2 0 0 2 0 0 0 0 0
fl=/build/eglibc-MjiXCM/eglibc-2.19/posix/../sysdeps/unix/syscall-template.S
fn=uname
81 4 1 1 0 0 0 0 0 0
82 1 0 0 1 0 0 0 0 0
fl=/build/eglibc-MjiXCM/eglibc-2.19/posix/../sysdeps/unix/sysv/linux/_exit.c
fn=_Exit
28 2 1 1 1 1 0 0 0 0
32 4 0 0 0 0 0 0 0 0
34 2 0 0 0 0 0 0 0 0
fl=/build/eglibc-MjiXCM/eglibc-2.19/setjmp/../sysdeps/x86_64/bsd-_setjmp.S
fn=_setjmp
30 1 1 1 0 0 0 0 0 0
32 1 0 0 0 0 0 0 0 0
fl=/build/eglibc-MjiXCM/eglibc-2.19/setjmp/../sysdeps/x86_64/setjmp.S
fn=__sigsetjmp
26 4 2 2 0 0 0 4 0 0
35 4 0 0 0 0 0 0 0 0
36 8 2 2 4 0 0 0 0 0
37 4 0 0 0 0 0 4 0 0
41 4 0 0 0 0 0 4 0 0
42 4 0 0 0 0 0 4 0 0
43 4 0 0 0 0 0 4 0 0
44 4 0 0 0 0 0 4 0 0
45 4 0 0 0 0 0 0 0 0
47 8 0 0 4 0 0 0 0 0
49 4 0 0 0 0 0 4 0 0
50 4 0 0 4 0 0 0 0 0
53 8 0 0 4 0 0 0 0 0
55 4 1 1 0 0 0 4 1 1
59 3 0 0 0 0 0 0 0 0
60 3 0 0 3 0 0 0 0 0
64 1 0 0 0 0 0 0 0 0
fl=/build/eglibc-MjiXCM/eglibc-2.19/setjmp/sigjmp.c
fn=__sigjmp_save
28 2 0 0 0 0 0 1 0 0
29 4 0 0 0 0 0 1 0 0
34 3 0 0 2 0 0 0 0 0
fl=/build/eglibc-MjiXCM/eglibc-2.19/stdio-common/../libio/libioP.h
fn=__isoc99_fscanf
913 10002 0 0 10002 0 0 0 0 0
914 20004 0 0 10002 0 0 0 0 0
915 80016 1 1 40008 0 0 10002 0 0
fl=/build/eglibc-MjiXCM/eglibc-2.19/stdio-common/../nptl/sysdeps/pthread/allocalim.h
fn=_IO_vfscanf
28 29718 0 0 0 0 0 0 0 0
fl=/build/eglibc-MjiXCM/eglibc-2.19/stdio-common/_itoa.c
fn=_itoa_word
168 13728 1 1 0 0 0 0 0 0
170 6864 0 0 0 0 0 0 0 0
179 85452 2 2 6549 1 1 6549 0 0
188 6864 0 0 3432 0 0 0 0 0
fl=/build/eglibc-MjiXCM/eglibc-2.19/stdio-common/isoc99_fscanf.c
fn=__isoc99_fscanf
26 100020 3 3 0 0 0 50010 0 0
30 160032 1 1 90018 3 0 10002 0 0
31 10002 0 0 10002 0 0 0 0 0
33 60012 1 1 0 0 0 40008 0 0
34 60012 0 0 0 0 0 10002 0 0
39 40008 0 0 20004 0 0 0 0 0
fl=/build/eglibc-MjiXCM/eglibc-2.19/stdio-common/printf-parse.h
fn=vfprintf
108 18304 0 0 0 0 0 9152 1 0
fl=/build/eglibc-MjiXCM/eglibc-2.19/stdio-common/printf.c
fn=printf
28 10296 1 1 0 0 0 5720 0 0
32 6864 2 2 0 0 0 4576 0 0
33 4576 0 0 2288 2 0 1144 0 0
37 2288 0 0 1144 0 0 0 0 0
fl=/build/eglibc-MjiXCM/eglibc-2.19/stdio-common/vfprintf.c
fn=vfprintf
235 12584 1 1 0 0 0 6864 0 0
240 1144 1 1 0 0 0 1144 0 0
270 3432 0 0 2288 2 0 1144 1 0
274 1144 0 0 0 0 0 1144 0 0
277 1144 0 0 0 0 0 1144 1 0
283 1144 0 0 0 0 0 1144 0 0
1295 5719 1 1 1144 1 0 1 0 0
1299 5720 0 0 1144 1 1 0 0 0
1310 2288 0 0 0 0 0 0 0 0
1317 1144 0 0 0 0 0 1144 0 0
1321 6864 1 1 3432 0 0 3432 2 0
1325 1144 0 0 0 0 0 1144 0 0
1332 1144 0 0 0 0 0 1144 1 0
1336 11440 2 2 2288 1 0 4576 0 0
1337 17160 1 1 9152 2 0 1144 0 0
1340 14872 2 2 3432 1 0 3432 0 0
1344 3432 1 1 2288 0 0 0 0 0
1348 8008 1 1 3432 2 0 0 0 0
1375 3432 0 0 0 0 0 3432 1 0
1376 3432 1 1 0 0 0 3432 0 0
1377 3432 0 0 0 0 0 3432 0 0
1378 3432 0 0 0 0 0 3432 0 0
1379 3432 0 0 0 0 0 3432 0 0
1380 3432 0 0 0 0 0 3432 0 0
1381 3432 0 0 0 0 0 3432 0 0
1382 3432 1 1 0 0 0 3432 0 0
1383 3432 0 0 0 0 0 3432 0 0
1384 3432 0 0 0 0 0 3432 0 0
1385 3432 0 0 0 0 0 3432 0 0
1388 3432 0 0 0 0 0 3432 0 0
1389 3432 0 0 0 0 0 3432 0 0
1392 3432 0 0 0 0 0 3432 0 0
1393 3432 0 0 0 0 0 0 0 0
1396 58344 2 2 13728 2 2 6864 0 0
1559 10296 0 0 0 0 0 3432 0 0
1580 6864 0 0 0 0 0 3432 1 0
1660 380850 23 23 133797 0 0 37752 0 0
1678 6864 0 0 2288 0 0 0 0 0
1680 6864 1 1 3432 0 0 0 0 0
1682 3432 0 0 0 0 0 3432 0 0
1688 13728 1 1 3432 0 0 6864 0 0
1692 78936 1 1 17160 0 0 10296 0 0
1694 6864 0 0 3432 0 0 0 0 0
2091 2288 1 1 1144 0 0 0 0 0
2093 2288 0 0 1144 0 0 0 0 0
2095 2288 0 0 1144 0 0 0 0 0
2098 11440 1 1 5720 0 0 1144 0 0
2099 3432 1 1 1144 0 0 0 0 0
2101 1144 0 0 1144 0 0 0 0 0
2102 9152 0 0 8008 0 0 0 0 0
fl=/build/eglibc-MjiXCM/eglibc-2.19/stdio-common/vfscanf.c
fn=_IO_vfscanf
214 120024 2 2 0 0 0 80016 4 0
218 10002 0 0 0 0 0 10002 0 0
219 10002 0 0 0 0 0 0 0 0
220 10002 0 0 0 0 0 0 0 0
223 10001 0 0 0 0 0 0 0 0
225 30006 0 0 20004 2 0 10002 1 0
226 20004 0 0 10002 1 0 10002 0 0
230 10002 0 0 0 0 0 10002 0 0
250 10002 0 0 0 0 0 10002 0 0
262 10002 0 0 0 0 0 10002 0 0
263 10002 0 0 0 0 0 10002 0 0
264 10002 1 1 0 0 0 10002 0 0
265 10002 0 0 0 0 0 10002 0 0
269 10002 0 0 0 0 0 0 0 0
272 10002 0 0 0 0 0 10002 0 0
273 10002 0 0 0 0 0 10002 0 0
275 10002 1 1 0 0 0 10002 0 0
314 60012 1 1 30006 0 0 30006 0 0
320 50009 0 0 10002 0 0 1 0 0
323 50011 0 0 10002 0 0 0 0 0
327 20004 1 1 20004 0 0 0 0 0
335 20004 0 0 10002 2 0 10002 0 0
341 10002 0 0 10002 0 0 0 0 0
343 40008 0 0 10002 2 1 10002 0 0
358 150030 3 3 60012 2 0 30006 0 0
363 10002 0 0 0 0 0 10002 0 0
367 200013 1 1 60003 1 0 0 0 0
404 150006 0 0 0 0 0 0 0 0
429 100004 0 0 0 0 0 50002 0 0
430 100004 0 0 0 0 0 0 0 0
433 100000 1 1 60000 0 0 0 0 0
435 40000 0 0 0 0 0 0 0 0
456 50001 1 1 50001 0 0 0 0 0
469 210014 1 1 60004 0 0 30002 0 0
472 30001 1 1 0 0 0 0 0 0
475 120008 2 2 30002 0 0 0 0 0
493 270018 3 3 30002 0 0 0 0 0
514 150010 0 0 0 0 0 30002 0 0
521 60004 0 0 0 0 0 30002 0 0
524 330022 3 3 30002 2 1 0 0 0
604 60004 0 0 0 0 0 0 0 0
609 120012 1 1 0 0 0 0 0 0
610 50010 0 0 0 0 0 0 0 0
613 60004 1 1 60004 1 0 0 0 0
614 180012 0 0 60004 0 0 30002 0 0
620 540104 4 4 180034 38 21 60035 1 0
623 270014 0 0 120006 4 2 0 0 0
624 60004 0 0 0 0 0 60004 0 0
625 300014 1 1 30001 0 0 90004 0 0
629 240016 0 0 30002 2 1 0 0 0
1385 30002 0 0 0 0 0 0 0 0
1386 30002 1 1 30002 0 0 0 0 0
1394 270014 2 2 90005 0 0 30002 0 0
1396 6 0 0 1 0 0 1 0 0
1399 120004 0 0 0 0 0 0 0 0
1401 312 0 0 0 0 0 0 0 0
1408 90939 1 1 312 0 0 0 0 0
1411 1248 1 1 312 0 0 0 0 0
1413 2768 3 3 814 0 0 502 0 0
1414 2184 0 0 936 0 0 312 0 0
1416 2496 0 0 1248 3 2 0 0 0
1428 936 0 0 0 0 0 0 0 0
1431 59378 0 0 0 0 0 0 0 0
1434 180006 2 2 30001 0 0 0 0 0
1720 346460 0 0 0 0 0 0 0 0
1722 173230 1 1 86615 0 0 0 0 0
1724 56614 1 1 0 0 0 0 0 0
1727 549691 1 1 86615 0 0 90003 0 0
1729 390013 1 1 180006 0 0 60002 0 0
1777 434482 5 5 0 0 0 56614 1 0
1779 226456 0 0 0 0 0 0 0 0
1781 566320 2 2 169902 63 42 56689 0 0
1784 60002 0 0 0 0 0 0 0 0
1785 78464 1 1 6154 0 0 0 0 0
1811 330011 1 1 60002 0 0 90003 0 0
1814 120004 0 0 60002 0 0 30001 0 0
1824 90003 0 0 30001 0 0 0 0 0
1825 180006 1 1 30001 0 0 30001 0 0
1829 120004 0 0 60002 0 0 0 0 0
1832 60002 0 0 30001 0 0 0 0 0
1834 60002 0 0 0 0 0 0 0 0
1838 60002 1 1 30001 0 0 0 0 0
1840 60002 1 1 30001 0 0 0 0 0
1842 60002 1 1 30001 0 0 0 0 0
1843 90003 0 0 30001 0 0 0 0 0
1857 300010 1 1 90003 0 0 60002 0 0
2156 20004 0 0 0 0 0 10002 1 0
2374 90003 1 1 30001 0 0 0 0 0
2590 20004 0 0 0 0 0 10002 0 0
2933 20002 0 0 0 0 0 0 0 0
2943 80016 2 2 40008 0 0 0 0 0
2945 20004 1 1 10002 0 0 0 0 0
2948 30006 0 0 10002 0 0 0 0 0
2951 20004 0 0 10002 0 0 0 0 0
2953 2 2 2 1 0 0 0 0 0
2968 30003 0 0 20002 0 0 0 0 0
2974 80016 1 1 70014 0 0 0 0 0
fl=/build/eglibc-MjiXCM/eglibc-2.19/stdlib/../stdlib/strtol.c
fn=__strtol_internal
97 90003 0 0 60002 0 0 0 0 0
fn=strtol
108 4 1 1 2 1 0 0 0 0
fl=/build/eglibc-MjiXCM/eglibc-2.19/stdlib/../stdlib/strtol_l.c
fn=____strtol_l_internal
232 270018 2 2 0 0 0 210014 2 0
246 30002 0 0 30002 1 0 0 0 0
252 30002 0 0 0 0 0 0 0 0
258 60004 0 0 0 0 0 0 0 0
279 30002 0 0 0 0 0 0 0 0
280 30002 0 0 0 0 0 0 0 0
289 120008 0 0 0 0 0 0 0 0
298 180012 0 0 90006 2 1 0 0 0
300 60004 1 1 0 0 0 0 0 0
304 30002 0 0 0 0 0 30002 0 0
305 60004 0 0 0 0 0 0 0 0
310 60004 0 0 0 0 0 0 0 0
314 60004 1 1 0 0 0 0 0 0
316 624 1 1 0 0 0 0 0 0
324 59380 0 0 0 0 0 0 0 0
331 90006 0 0 0 0 0 0 0 0
334 150010 1 1 0 0 0 0 0 0
376 30002 0 0 0 0 0 0 0 0
379 90006 0 0 30002 2 1 0 0 0
380 90006 1 1 30002 2 1 30002 0 0
382 30002 0 0 0 0 0 0 0 0
383 30002 0 0 0 0 0 0 0 0
384 30002 0 0 0 0 0 0 0 0
438 344654 1 1 56930 0 0 0 0 0
440 170790 1 1 0 0 0 0 0 0
442 170790 0 0 0 0 0 0 0 0
456 60004 0 0 0 0 0 30002 0 0
470 170790 1 1 0 0 0 0 0 0
473 227720 0 0 0 0 0 0 0 0
478 86932 0 0 0 0 0 0 0 0
479 113860 0 0 0 0 0 0 0 0
484 60004 0 0 0 0 0 0 0 0
489 90006 0 0 30002 0 0 0 0 0
490 30001 0 0 0 0 0 30001 0 0
495 60004 0 0 0 0 0 0 0 0
496 90006 2 2 0 0 0 0 0 0
498 90006 0 0 30002 0 0 0 0 0
513 30002 0 0 0 0 0 0 0 0
531 240016 0 0 210014 0 0 0 0 0
fl=/build/eglibc-MjiXCM/eglibc-2.19/stdlib/atoi.c
fn=atoi
26 1 1 1 0 0 0 0 0 0
27 3 0 0 0 0 0 1 0 0
28 2 0 0 1 0 0 0 0 0
fl=/build/eglibc-MjiXCM/eglibc-2.19/stdlib/cxa_atexit.c
fn=__cxa_atexit
35 2 0 0 0 0 0 1 0 0
37 2 0 0 0 0 0 0 0 0
41 3 1 1 1 0 0 0 0 0
43 1 0 0 0 0 0 1 0 0
44 1 0 0 0 0 0 1 0 0
45 1 0 0 0 0 0 1 0 0
47 1 0 0 0 0 0 1 0 0
48 1 0 0 0 0 0 0 0 0
57 6 1 1 0 0 0 3 0 0
59 4 0 0 4 0 0 0 0 0
fn=__new_exitfn
73 4 1 1 0 0 0 2 0 0
74 2 0 0 0 0 0 0 0 0
79 6 1 1 2 2 2 0 0 0
81 8 1 1 2 1 0 0 0 0
83 3 0 0 1 1 0 0 0 0
91 1 0 0 0 0 0 1 0 0
112 1 1 1 0 0 0 0 0 0
113 2 0 0 0 0 0 1 0 0
126 1 1 1 0 0 0 1 0 0
127 1 0 0 1 1 1 0 0 0
130 4 0 0 2 0 0 0 0 0
133 5 0 0 3 0 0 0 0 0
fl=/build/eglibc-MjiXCM/eglibc-2.19/stdlib/cxa_finalize.c
fn=__cxa_finalize
31 8 1 1 0 0 0 6 0 0
35 7 2 2 2 0 0 0 0 0
39 6 0 0 1 0 0 0 0 0
48 1 0 0 0 0 0 0 0 0
67 7 0 0 2 0 0 0 0 0
71 6 1 1 1 1 0 0 0 0
79 2 0 0 0 0 0 0 0 0
80 2 0 0 0 0 0 0 0 0
82 7 1 1 6 0 0 0 0 0
fl=/build/eglibc-MjiXCM/eglibc-2.19/stdlib/cxa_thread_atexit_impl.c
fn=__call_tls_dtors
82 3 1 1 0 0 0 3 0 0
83 5 1 1 1 1 0 1 0 0
101 4 1 1 4 0 0 0 0 0
fl=/build/eglibc-MjiXCM/eglibc-2.19/stdlib/exit.c
fn=__run_exit_handlers
35 8 1 1 0 0 0 4 0 0
40 2 0 0 1 1 0 1 0 0
46 8 0 0 2 1 0 0 0 0
50 6 1 1 0 0 0 0 0 0
52 1 0 0 0 0 0 1 0 0
53 1 0 0 0 0 0 0 0 0
54 5 0 0 1 0 0 0 0 0
78 1 1 1 1 0 0 0 0 0
80 2 0 0 1 0 0 0 0 0
82 3 0 0 1 0 0 1 0 0
83 1 0 0 0 0 0 0 0 0
87 2 0 0 1 0 0 1 0 0
88 2 0 0 0 0 0 0 0 0
94 2 1 1 0 0 0 0 0 0
95 8 0 0 1 1 0 1 0 0
97 2 0 0 0 0 0 1 0 0
fn=exit
103 1 0 0 0 0 0 0 0 0
104 3 1 1 0 0 0 1 0 0
fl=/build/eglibc-MjiXCM/eglibc-2.19/string/../bits/stdlib-bsearch.h
fn=intel_check_word
27 8 0 0 0 0 0 0 0 0
28 16 0 0 0 0 0 0 0 0
29 110 0 0 0 0 0 0 0 0
31 154 1 1 0 0 0 0 0 0
32 54 0 0 0 0 0 0 0 0
37 8 0 0 0 0 0 0 0 0
fl=/build/eglibc-MjiXCM/eglibc-2.19/string/../string/memcmp.c
fn=bcmp
105 10 0 0 10 0 0 0 0 0
106 20 0 0 10 0 0 0 0 0
110 22 1 1 0 0 0 0 0 0
111 6 1 1 0 0 0 0 0 0
129 21 1 1 0 0 0 0 0 0
133 3 1 1 3 2 2 0 0 0
134 3 0 0 3 0 0 0 0 0
135 3 0 0 0 0 0 0 0 0
136 3 0 0 0 0 0 0 0 0
137 3 1 1 0 0 0 0 0 0
183 3 0 0 3 1 1 0 0 0
184 3 0 0 3 0 0 0 0 0
185 18 0 0 0 0 0 4 1 1
192 2 1 1 0 0 0 0 0 0
197 2 1 1 0 0 0 0 0 0
221 1 0 0 0 0 0 0 0 0
222 2 0 0 0 0 0 0 0 0
226 2 0 0 0 0 0 0 0 0
228 7 1 1 0 0 0 0 0 0
232 1 0 0 1 0 0 0 0 0
233 1 0 0 1 0 0 0 0 0
234 1 0 0 1 0 0 0 0 0
235 1 0 0 0 0 0 0 0 0
236 1 0 0 0 0 0 0 0 0
237 1 0 0 0 0 0 0 0 0
289 1 0 0 1 0 0 0 0 0
290 1 0 0 1 0 0 0 0 0
291 6 0 0 0 0 0 0 0 0
292 2 0 0 0 0 0 0 0 0
299 2 0 0 0 0 0 0 0 0
304 6 1 1 0 0 0 0 0 0
305 2 0 0 0 0 0 0 0 0
315 84 2 2 0 0 0 72 2 2
318 12 0 0 0 0 0 0 0 0
319 12 0 0 0 0 0 0 0 0
322 24 0 0 0 0 0 0 0 0
326 12 0 0 0 0 0 0 0 0
342 12 1 1 0 0 0 0 0 0
343 8 0 0 0 0 0 0 0 0
346 4 0 0 0 0 0 0 0 0
350 6 0 0 0 0 0 0 0 0
351 2 0 0 0 0 0 0 0 0
352 2 0 0 0 0 0 0 0 0
356 148 1 1 0 0 0 0 0 0
358 65 0 0 65 2 2 0 0 0
359 65 0 0 65 6 6 0 0 0
360 65 0 0 0 0 0 0 0 0
363 210 0 0 0 0 0 0 0 0
368 9 1 1 0 0 0 0 0 0
369 96 0 0 84 0 0 0 0 0
fl=/build/eglibc-MjiXCM/eglibc-2.19/string/../string/strstr.c
fn=__GI_strstr
53 8 1 1 0 0 0 6 0 0
58 2 0 0 0 0 0 0 0 0
63 4 1 1 1 0 0 0 0 0
65 2 1 1 1 1 1 0 0 0
66 1 1 1 0 0 0 0 0 0
89 8 0 0 7 0 0 0 0 0
fl=/build/eglibc-MjiXCM/eglibc-2.19/string/../sysdeps/x86_64/memcpy.S
fn=__GI_mempcpy
61 6863 1 1 0 0 0 0 0 0
65 6863 0 0 0 0 0 0 0 0
68 6863 0 0 0 0 0 0 0 0
69 6863 0 0 0 0 0 0 0 0
71 3746 0 0 3746 0 0 0 0 0
72 3746 0 0 0 0 0 3746 0 0
74 3746 0 0 0 0 0 0 0 0
75 3746 0 0 0 0 0 0 0 0
80 6863 0 0 0 0 0 0 0 0
81 6863 0 0 0 0 0 0 0 0
83 3117 0 0 3117 0 0 0 0 0
84 3117 0 0 0 0 0 3117 0 0
86 3117 0 0 0 0 0 0 0 0
87 3117 0 0 0 0 0 0 0 0
92 6863 0 0 0 0 0 0 0 0
93 6863 0 0 0 0 0 0 0 0
104 6863 1 1 0 0 0 0 0 0
105 6863 0 0 0 0 0 0 0 0
116 6863 0 0 0 0 0 0 0 0
117 6863 0 0 0 0 0 0 0 0
138 6863 1 1 0 0 0 0 0 0
142 6863 0 0 6863 0 0 0 0 0
fn=mempcpy
61 15 1 1 0 0 0 0 0 0
65 15 0 0 0 0 0 0 0 0
68 14 0 0 0 0 0 0 0 0
69 14 0 0 0 0 0 0 0 0
71 5 0 0 5 1 1 0 0 0
72 5 0 0 0 0 0 5 1 1
74 5 1 1 0 0 0 0 0 0
75 5 0 0 0 0 0 0 0 0
80 14 0 0 0 0 0 0 0 0
81 14 0 0 0 0 0 0 0 0
83 10 0 0 10 0 0 0 0 0
84 10 0 0 0 0 0 10 0 0
86 10 0 0 0 0 0 0 0 0
87 10 0 0 0 0 0 0 0 0
92 14 0 0 0 0 0 0 0 0
93 14 0 0 0 0 0 0 0 0
95 5 0 0 5 0 0 0 0 0
96 5 0 0 0 0 0 5 0 0
98 5 0 0 0 0 0 0 0 0
99 5 0 0 0 0 0 0 0 0
104 14 0 0 0 0 0 0 0 0
105 14 0 0 0 0 0 0 0 0
107 7 0 0 7 0 0 0 0 0
108 7 0 0 0 0 0 7 1 1
110 7 0 0 0 0 0 0 0 0
111 14 0 0 0 0 0 0 0 0
116 14 1 1 0 0 0 0 0 0
117 16 0 0 0 0 0 0 0 0
122 2 0 0 2 0 0 0 0 0
123 2 0 0 2 0 0 0 0 0
124 2 0 0 0 0 0 2 1 1
125 2 0 0 0 0 0 2 0 0
127 2 0 0 0 0 0 0 0 0
129 2 0 0 0 0 0 0 0 0
130 2 0 0 0 0 0 0 0 0
132 2 0 0 0 0 0 0 0 0
138 14 0 0 0 0 0 0 0 0
142 14 0 0 14 0 0 0 0 0
154 2 0 0 0 0 0 0 0 0
156 2 0 0 0 0 0 0 0 0
157 2 0 0 0 0 0 0 0 0
183 2 1 1 0 0 0 0 0 0
184 2 0 0 0 0 0 0 0 0
187 2 0 0 0 0 0 0 0 0
188 2 0 0 0 0 0 0 0 0
189 2 0 0 0 0 0 0 0 0
194 2 0 0 0 0 0 0 0 0
196 2 0 0 2 0 0 0 0 0
197 2 0 0 2 0 0 0 0 0
198 2 0 0 2 0 0 0 0 0
199 2 1 1 2 0 0 0 0 0
201 2 0 0 0 0 0 2 0 0
202 2 0 0 0 0 0 2 1 1
203 2 0 0 0 0 0 2 0 0
204 2 0 0 0 0 0 2 1 1
206 2 0 0 0 0 0 0 0 0
207 2 0 0 0 0 0 0 0 0
209 2 0 0 0 0 0 0 0 0
231 2 1 1 0 0 0 0 0 0
233 2 0 0 0 0 0 0 0 0
235 1 0 0 0 0 0 0 0 0
242 1 0 0 1 0 0 0 0 0
fl=/build/eglibc-MjiXCM/eglibc-2.19/string/../sysdeps/x86_64/memset.S
fn=memset
53 151003 1 1 0 0 0 0 0 0
54 151003 0 0 0 0 0 0 0 0
55 151003 0 0 0 0 0 0 0 0
56 151003 0 0 0 0 0 0 0 0
57 151003 0 0 0 0 0 0 0 0
59 151003 0 0 0 0 0 0 0 0
60 151003 0 0 0 0 0 0 0 0
77 151003 1 1 0 0 0 0 0 0
78 151003 0 0 0 0 0 151003 102001 2
79 151003 0 0 0 0 0 0 0 0
80 151003 0 0 0 0 0 151003 98991 0
81 151003 0 0 0 0 0 151003 96003 2
82 151003 0 0 0 0 0 151003 99008 2
83 151003 0 0 0 0 0 151003 0 0
84 151003 0 0 0 0 0 151003 49580 2
85 151003 1 1 0 0 0 151003 1000 1
86 151003 0 0 0 0 0 151003 1001 1
87 151003 0 0 0 0 0 0 0 0
88 151003 0 0 0 0 0 0 0 0
89 151003 0 0 0 0 0 0 0 0
90 302006 0 0 0 0 0 0 0 0
93 52951051 0 0 0 0 0 52951051 50779045 1744
94 52951051 0 0 0 0 0 52951051 0 0
95 52951051 0 0 0 0 0 52951051 0 0
96 52951051 0 0 0 0 0 52951051 0 0
97 52951051 0 0 0 0 0 0 0 0
98 52951051 0 0 0 0 0 0 0 0
99 52951051 0 0 0 0 0 0 0 0
100 151003 1 1 151003 0 0 0 0 0
fl=/build/eglibc-MjiXCM/eglibc-2.19/string/../sysdeps/x86_64/multiarch/../cacheinfo.c
fn=handle_intel
305 16 0 0 0 0 0 12 0 0
306 4 1 1 0 0 0 0 0 0
317 6 0 0 0 0 0 2 0 0
319 2 0 0 0 0 0 2 0 0
320 4 0 0 0 0 0 2 0 0
322 2 1 1 0 0 0 0 0 0
328 8 1 1 0 0 0 2 0 0
333 4 0 0 0 0 0 0 0 0
335 6 0 0 0 0 0 2 0 0
336 2 0 0 0 0 0 0 0 0
340 10 0 0 0 0 0 2 0 0
341 4 1 1 0 0 0 0 0 0
344 10 0 0 0 0 0 2 0 0
345 4 0 0 0 0 0 0 0 0
362 16 1 1 14 0 0 0 0 0
fn=init_cacheinfo
550 3 1 1 0 0 0 3 0 0
563 3 0 0 1 0 0 0 0 0
570 2 0 0 0 0 0 0 0 0
572 4 0 0 1 0 0 1 0 0
575 1 0 0 0 0 0 0 0 0
576 4 1 1 1 0 0 1 0 0
578 2 0 0 0 0 0 0 0 0
589 1 0 0 1 0 0 0 0 0
607 4 0 0 1 0 0 0 0 0
614 17 1 1 0 0 0 0 0 0
620 8 0 0 0 0 0 0 0 0
623 20 0 0 0 0 0 0 0 0
625 2 1 1 0 0 0 0 0 0
631 5 0 0 0 0 0 0 0 0
638 9 1 1 0 0 0 0 0 0
640 2 0 0 0 0 0 0 0 0
642 8 0 0 0 0 0 0 0 0
644 4 0 0 0 0 0 0 0 0
649 1 1 1 0 0 0 0 0 0
651 4 0 0 0 0 0 0 0 0
652 2 0 0 0 0 0 0 0 0
653 1 0 0 0 0 0 0 0 0
657 2 0 0 0 0 0 0 0 0
669 4 0 0 0 0 0 0 0 0
670 5 1 1 0 0 0 0 0 0
744 2 0 0 0 0 0 0 0 0
746 3 1 1 0 0 0 1 0 0
747 1 0 0 0 0 0 1 1 1
749 1 0 0 0 0 0 0 0 0
750 3 0 0 0 0 0 1 0 0
751 1 0 0 0 0 0 1 0 0
754 2 0 0 0 0 0 0 0 0
756 3 0 0 0 0 0 1 0 0
757 1 0 0 0 0 0 1 1 1
759 1 0 0 0 0 0 0 0 0
760 3 0 0 0 0 0 1 0 0
761 1 0 0 0 0 0 1 0 0
763 4 0 0 4 0 0 0 0 0
fn=intel_check_word
150 108 0 0 54 6 6 0 0 0
153 54 0 0 0 0 0 0 0 0
161 16 0 0 0 0 0 12 0 0
162 8 1 1 0 0 0 0 0 0
164 2 0 0 0 0 0 0 0 0
168 28 1 1 0 0 0 0 0 0
170 32 0 0 0 0 0 0 0 0
172 10 0 0 0 0 0 0 0 0
174 20 0 0 0 0 0 0 0 0
182 20 0 0 0 0 0 0 0 0
194 39 2 2 0 0 0 0 0 0
199 16 0 0 0 0 0 0 0 0
203 10 2 2 0 0 0 0 0 0
205 5 1 1 0 0 0 0 0 0
210 8 0 0 0 0 0 0 0 0
213 2 1 1 0 0 0 0 0 0
215 4 0 0 0 0 0 0 0 0
217 10 1 1 0 0 0 0 0 0
218 8 1 1 0 0 0 0 0 0
219 8 0 0 0 0 0 0 0 0
220 2 0 0 0 0 0 0 0 0
228 3 0 0 0 0 0 0 0 0
235 16 1 1 0 0 0 0 0 0
295 8 1 1 0 0 0 0 0 0
300 16 0 0 16 0 0 0 0 0
fl=/build/eglibc-MjiXCM/eglibc-2.19/string/../sysdeps/x86_64/multiarch/../memcpy.S
fn=memcpy
61 13 1 1 0 0 0 0 0 0
63 13 0 0 0 0 0 0 0 0
65 13 0 0 0 0 0 0 0 0
68 12 0 0 0 0 0 0 0 0
69 12 0 0 0 0 0 0 0 0
71 3 0 0 3 0 0 0 0 0
72 3 0 0 0 0 0 3 2 2
74 3 0 0 0 0 0 0 0 0
75 3 0 0 0 0 0 0 0 0
80 12 0 0 0 0 0 0 0 0
81 12 0 0 0 0 0 0 0 0
83 5 0 0 5 0 0 0 0 0
84 5 0 0 0 0 0 5 1 1
86 5 0 0 0 0 0 0 0 0
87 10 0 0 0 0 0 0 0 0
92 12 1 1 0 0 0 0 0 0
93 12 0 0 0 0 0 0 0 0
95 3 0 0 3 0 0 0 0 0
96 3 0 0 0 0 0 3 0 0
98 3 0 0 0 0 0 0 0 0
99 3 0 0 0 0 0 0 0 0
104 12 0 0 0 0 0 0 0 0
105 12 0 0 0 0 0 0 0 0
107 7 0 0 7 0 0 0 0 0
108 7 0 0 0 0 0 7 0 0
110 7 0 0 0 0 0 0 0 0
111 7 0 0 0 0 0 0 0 0
116 12 0 0 0 0 0 0 0 0
117 17 0 0 0 0 0 0 0 0
122 5 0 0 5 0 0 0 0 0
123 5 0 0 5 0 0 0 0 0
124 5 0 0 0 0 0 5 0 0
125 5 0 0 0 0 0 5 2 2
127 5 0 0 0 0 0 0 0 0
129 5 0 0 0 0 0 0 0 0
130 5 0 0 0 0 0 0 0 0
132 5 0 0 0 0 0 0 0 0
140 12 1 1 12 0 0 0 0 0
148 5 0 0 0 0 0 5 0 0
154 5 0 0 0 0 0 0 0 0
156 5 0 0 0 0 0 0 0 0
157 5 0 0 0 0 0 0 0 0
160 2 0 0 0 0 0 0 0 0
161 4 0 0 0 0 0 0 0 0
166 8 1 1 8 0 0 0 0 0
167 8 0 0 0 0 0 8 0 0
169 8 0 0 0 0 0 0 0 0
171 8 0 0 0 0 0 0 0 0
172 8 0 0 0 0 0 0 0 0
174 10 0 0 0 0 0 0 0 0
183 5 0 0 0 0 0 0 0 0
184 5 0 0 0 0 0 0 0 0
187 5 0 0 0 0 0 0 0 0
188 5 0 0 0 0 0 0 0 0
189 5 0 0 0 0 0 0 0 0
194 4 0 0 0 0 0 0 0 0
196 4 0 0 4 0 0 0 0 0
197 4 0 0 4 0 0 0 0 0
198 4 0 0 4 0 0 0 0 0
199 4 1 1 4 0 0 0 0 0
201 4 0 0 0 0 0 4 1 1
202 4 0 0 0 0 0 4 0 0
203 4 0 0 0 0 0 4 0 0
204 4 0 0 0 0 0 4 0 0
206 4 0 0 0 0 0 0 0 0
207 4 0 0 0 0 0 0 0 0
209 4 0 0 0 0 0 0 0 0
231 5 1 1 0 0 0 0 0 0
237 5 0 0 5 0 0 0 0 0
238 5 0 0 0 0 0 0 0 0
240 1 0 0 1 0 0 0 0 0
fl=/build/eglibc-MjiXCM/eglibc-2.19/string/../sysdeps/x86_64/multiarch/../rtld-strlen.S
fn=strlen
26 13 1 1 0 0 0 0 0 0
27 13 0 0 0 0 0 0 0 0
28 13 0 0 0 0 0 0 0 0
29 13 0 0 0 0 0 0 0 0
31 7 0 0 0 0 0 0 0 0
32 7 0 0 0 0 0 0 0 0
34 31 0 0 31 0 0 0 0 0
35 31 0 0 0 0 0 0 0 0
36 30 0 0 0 0 0 0 0 0
37 30 0 0 0 0 0 0 0 0
38 30 0 0 0 0 0 0 0 0
40 24 0 0 0 0 0 0 0 0
45 16 1 1 16 0 0 0 0 0
46 16 0 0 0 0 0 0 0 0
47 16 0 0 0 0 0 0 0 0
48 16 0 0 0 0 0 0 0 0
51 16 0 0 0 0 0 0 0 0
52 12 0 0 0 0 0 0 0 0
53 12 0 0 0 0 0 0 0 0
54 12 0 0 0 0 0 0 0 0
56 12 0 0 0 0 0 0 0 0
59 12 0 0 12 1 1 0 0 0
60 12 0 0 0 0 0 0 0 0
61 12 0 0 0 0 0 0 0 0
62 12 0 0 0 0 0 0 0 0
65 12 0 0 0 0 0 0 0 0
66 7 0 0 0 0 0 0 0 0
67 7 0 0 0 0 0 0 0 0
68 7 0 0 0 0 0 0 0 0
70 7 0 0 0 0 0 0 0 0
73 6 0 0 6 0 0 0 0 0
74 6 0 0 0 0 0 0 0 0
75 6 0 0 0 0 0 0 0 0
76 6 0 0 0 0 0 0 0 0
79 6 0 0 0 0 0 0 0 0
80 6 0 0 0 0 0 0 0 0
81 6 0 0 0 0 0 0 0 0
82 6 0 0 0 0 0 0 0 0
84 6 0 0 0 0 0 0 0 0
87 6 0 0 6 0 0 0 0 0
88 6 0 0 0 0 0 0 0 0
89 6 0 0 0 0 0 0 0 0
90 6 0 0 0 0 0 0 0 0
93 6 0 0 0 0 0 0 0 0
94 5 0 0 0 0 0 0 0 0
95 5 0 0 0 0 0 0 0 0
96 5 0 0 0 0 0 0 0 0
98 6 0 0 0 0 0 0 0 0
101 12 1 1 0 0 0 0 0 0
103 12 0 0 0 0 0 0 0 0
104 12 0 0 0 0 0 0 0 0
105 12 0 0 0 0 0 0 0 0
107 12 0 0 0 0 0 0 0 0
108 12 0 0 0 0 0 0 0 0
109 11 1 1 0 0 0 0 0 0
111 11 0 0 0 0 0 0 0 0
112 11 0 0 0 0 0 0 0 0
113 9 0 0 0 0 0 0 0 0
115 9 0 0 0 0 0 0 0 0
116 9 0 0 0 0 0 0 0 0
117 9 0 0 0 0 0 0 0 0
119 9 0 0 0 0 0 0 0 0
121 9 0 0 0 0 0 0 0 0
122 9 0 0 0 0 0 0 0 0
123 9 0 0 0 0 0 0 0 0
125 9 0 0 0 0 0 0 0 0
126 9 0 0 0 0 0 0 0 0
127 7 0 0 0 0 0 0 0 0
129 7 0 0 0 0 0 0 0 0
130 7 0 0 0 0 0 0 0 0
131 5 0 0 0 0 0 0 0 0
133 13 0 0 0 0 0 0 0 0
134 13 0 0 13 0 0 0 0 0
fl=/build/eglibc-MjiXCM/eglibc-2.19/string/../sysdeps/x86_64/multiarch/../strchr.S
fn=index
24 7 1 1 0 0 0 0 0 0
25 7 0 0 0 0 0 0 0 0
26 7 0 0 0 0 0 0 0 0
27 7 0 0 0 0 0 0 0 0
28 7 0 0 0 0 0 0 0 0
29 7 0 0 0 0 0 0 0 0
30 7 0 0 0 0 0 0 0 0
31 7 0 0 0 0 0 0 0 0
32 7 0 0 7 2 2 0 0 0
33 7 0 0 0 0 0 0 0 0
34 7 0 0 0 0 0 0 0 0
35 7 0 0 0 0 0 0 0 0
36 7 0 0 0 0 0 0 0 0
37 7 0 0 0 0 0 0 0 0
38 7 0 0 0 0 0 0 0 0
39 7 1 1 0 0 0 0 0 0
40 7 0 0 0 0 0 0 0 0
41 5 0 0 0 0 0 0 0 0
45 5 0 0 0 0 0 0 0 0
46 5 0 0 0 0 0 0 0 0
47 5 0 0 5 0 0 0 0 0
48 5 0 0 0 0 0 0 0 0
50 5 0 0 5 0 0 0 0 0
54 2 0 0 2 0 0 0 0 0
55 2 0 0 0 0 0 0 0 0
56 2 0 0 0 0 0 0 0 0
57 2 0 0 0 0 0 0 0 0
58 2 0 0 0 0 0 0 0 0
59 2 0 0 0 0 0 0 0 0
60 2 0 0 2 0 0 0 0 0
61 2 0 0 0 0 0 0 0 0
62 2 0 0 0 0 0 0 0 0
63 2 1 1 0 0 0 0 0 0
64 2 0 0 0 0 0 0 0 0
65 2 0 0 0 0 0 0 0 0
66 2 0 0 0 0 0 0 0 0
67 2 0 0 2 0 0 0 0 0
68 2 0 0 0 0 0 0 0 0
69 2 0 0 0 0 0 0 0 0
70 2 0 0 0 0 0 0 0 0
71 2 0 0 0 0 0 0 0 0
72 2 0 0 0 0 0 0 0 0
73 2 0 0 0 0 0 0 0 0
74 2 0 0 0 0 0 0 0 0
75 2 0 0 0 0 0 0 0 0
76 2 0 0 0 0 0 0 0 0
77 2 0 0 0 0 0 0 0 0
129 2 1 1 0 0 0 0 0 0
133 2 0 0 0 0 0 0 0 0
134 2 0 0 0 0 0 0 0 0
135 2 0 0 2 0 0 0 0 0
136 2 0 0 0 0 0 0 0 0
138 2 0 0 2 0 0 0 0 0
fl=/build/eglibc-MjiXCM/eglibc-2.19/string/../sysdeps/x86_64/multiarch/../strcmp.S
fn=strcmp
131 1623 1 1 1623 46 19 0 0 0
132 1623 0 0 1623 30 4 0 0 0
133 1623 0 0 0 0 0 0 0 0
134 1511 0 0 0 0 0 0 0 0
135 1511 0 0 0 0 0 0 0 0
136 1511 0 0 0 0 0 0 0 0
137 1511 0 0 0 0 0 0 0 0
139 126 0 0 0 0 0 0 0 0
140 126 0 0 126 0 0 0 0 0
142 112 0 0 0 0 0 0 0 0
143 112 0 0 0 0 0 0 0 0
144 112 0 0 0 0 0 0 0 0
145 112 0 0 112 0 0 0 0 0
fl=/build/eglibc-MjiXCM/eglibc-2.19/string/../sysdeps/x86_64/multiarch/memmove.c
fn=memcpy@GLIBC_2.2.5
49 1 1 1 0 0 0 0 0 0
fl=/build/eglibc-MjiXCM/eglibc-2.19/string/../sysdeps/x86_64/multiarch/strcmp.S
fn=strcasecmp
114 1 1 1 1 1 1 0 0 0
115 1 0 0 0 0 0 0 0 0
116 1 0 0 0 0 0 1 0 0
119 1 0 0 0 0 0 0 0 0
120 1 0 0 1 0 0 0 0 0
121 1 1 1 0 0 0 0 0 0
132 1 0 0 1 0 0 0 0 0
fn=strncasecmp
140 1 1 1 1 0 0 0 0 0
141 1 0 0 0 0 0 0 0 0
145 1 0 0 0 0 0 0 0 0
146 1 0 0 1 0 0 0 0 0
147 1 0 0 0 0 0 0 0 0
158 1 1 1 1 0 0 0 0 0
fl=/build/eglibc-MjiXCM/eglibc-2.19/string/../sysdeps/x86_64/rtld-memset.S
fn=memset
30 13 1 0 0 0 0 0 0 0
31 13 0 0 0 0 0 0 0 0
32 13 0 0 0 0 0 0 0 0
33 2161 0 0 0 0 0 2148 34 34
34 13 0 0 0 0 0 0 0 0
35 13 0 0 13 0 0 0 0 0
fl=/build/eglibc-MjiXCM/eglibc-2.19/string/../sysdeps/x86_64/strchr.S
fn=strchrnul
24 4576 1 1 0 0 0 0 0 0
25 4576 0 0 0 0 0 0 0 0
26 4576 0 0 0 0 0 0 0 0
27 4576 0 0 0 0 0 0 0 0
28 4576 0 0 0 0 0 0 0 0
29 4576 0 0 0 0 0 0 0 0
30 4576 0 0 0 0 0 0 0 0
31 4576 0 0 0 0 0 0 0 0
32 4576 0 0 4576 1 1 0 0 0
33 4576 0 0 0 0 0 0 0 0
34 4576 0 0 0 0 0 0 0 0
35 4576 0 0 0 0 0 0 0 0
36 4576 0 0 0 0 0 0 0 0
37 4576 0 0 0 0 0 0 0 0
38 4576 0 0 0 0 0 0 0 0
39 4576 1 1 0 0 0 0 0 0
40 4576 0 0 0 0 0 0 0 0
41 4576 0 0 0 0 0 0 0 0
43 4576 0 0 0 0 0 0 0 0
50 4576 0 0 4576 0 0 0 0 0
fl=/build/eglibc-MjiXCM/eglibc-2.19/string/../sysdeps/x86_64/strrchr.S
fn=rindex
24 1 1 1 0 0 0 0 0 0
25 1 0 0 0 0 0 0 0 0
26 1 0 0 0 0 0 0 0 0
27 1 0 0 0 0 0 0 0 0
28 1 0 0 0 0 0 0 0 0
29 1 0 0 0 0 0 0 0 0
30 1 0 0 0 0 0 0 0 0
31 1 0 0 0 0 0 0 0 0
32 1 0 0 1 1 0 0 0 0
33 1 0 0 0 0 0 0 0 0
34 1 0 0 0 0 0 0 0 0
35 1 0 0 0 0 0 0 0 0
36 1 0 0 0 0 0 0 0 0
37 1 0 0 0 0 0 0 0 0
38 1 1 1 0 0 0 0 0 0
39 1 0 0 0 0 0 0 0 0
40 1 0 0 0 0 0 0 0 0
41 1 0 0 0 0 0 0 0 0
42 1 0 0 0 0 0 0 0 0
43 1 0 0 0 0 0 0 0 0
44 1 0 0 0 0 0 0 0 0
45 1 0 0 0 0 0 0 0 0
46 1 0 0 0 0 0 0 0 0
47 1 0 0 1 0 0 0 0 0
fl=/build/eglibc-MjiXCM/eglibc-2.19/time/../sysdeps/generic/dl-hash.h
fn=gettimeofday
43 1 0 0 0 0 0 0 0 0
44 1 0 0 0 0 0 0 0 0
45 13 0 0 4 0 0 0 0 0
48 12 0 0 0 0 0 0 0 0
49 8 0 0 0 0 0 0 0 0
62 8 0 0 0 0 0 0 0 0
67 1 0 0 0 0 0 0 0 0
fn=time
43 1 0 0 0 0 0 0 0 0
44 1 1 1 0 0 0 0 0 0
45 13 1 1 4 1 1 0 0 0
48 12 0 0 0 0 0 0 0 0
49 8 0 0 0 0 0 0 0 0
62 8 0 0 0 0 0 0 0 0
67 1 0 0 0 0 0 0 0 0
fl=/build/eglibc-MjiXCM/eglibc-2.19/time/../sysdeps/unix/sysv/linux/x86_64/gettimeofday.c
fn=gettimeofday
30 1 0 0 0 0 0 0 0 0
31 7 2 2 0 0 0 4 0 0
34 3 1 1 0 0 0 1 0 0
35 3 0 0 0 0 0 0 0 0
36 3 0 0 1 0 0 0 0 0
fl=/build/eglibc-MjiXCM/eglibc-2.19/time/../sysdeps/unix/sysv/linux/x86_64/time.c
fn=time
36 1 0 0 0 0 0 0 0 0
37 7 1 1 0 0 0 4 0 0
40 6 0 0 0 0 0 1 0 0
41 3 0 0 1 0 0 0 0 0
fl=/home/falafel/projetos/CPD_project/life3d.c
fn=check_entry
293 63091980 1 1 0 0 0 42061320 2092 0
295 28040880 0 0 14020440 2570444 0 0 0 0
296 34998170 1 1 20998902 0 0 6999634 0 0
297 27998536 0 0 13999268 0 0 0 0 0
298 10674999 0 0 5930555 2 0 2372222 0 0
299 27998536 1 1 13999268 0 0 0 0 0
300 257445 0 0 143025 0 0 57210 0 0
301 27998536 0 0 13999268 0 0 0 0 0
306 52930 0 0 31758 0 0 10586 0 0
308 14020440 1 1 14020440 0 0 0 0 0
fn=check_neighbors
244 10515330 1 1 0 0 0 8178590 0 0
245 3505110 0 0 2336740 0 0 1168370 0 0
246 3505110 0 0 2336740 0 0 1168370 0 0
247 3505110 0 0 2336740 0 0 1168370 0 0
248 7010220 1 1 3505110 0 0 3505110 0 0
251 2336740 0 0 1168370 0 0 0 0 0
252 4633132 0 0 1158283 0 0 1158283 0 0
254 30261 0 0 10087 0 0 10087 0 0
255 18693920 1 1 9346960 2 0 2336740 0 0
256 5841850 0 0 2336740 0 0 0 0 0
257 4673480 0 0 1168370 0 0 1168370 0 0
260 22199030 1 1 9346960 0 0 2336740 0 0
261 2336740 1 1 1168370 0 0 1168370 0 0
264 2336740 0 0 1168370 0 0 0 0 0
265 4656976 0 0 1164244 0 0 1164244 0 0
267 12378 0 0 4126 0 0 4126 0 0
268 22199030 1 1 9346960 0 0 2336740 0 0
270 5841850 0 0 2336740 0 0 0 0 0
271 4673480 0 0 1168370 0 0 1168370 0 0
274 22199030 2 2 9346960 0 0 2336740 0 0
276 2336740 0 0 1168370 0 0 1168370 0 0
279 2336740 0 0 1168370 0 0 0 0 0
280 4661072 0 0 1165268 0 0 1165268 0 0
282 9306 0 0 3102 0 0 3102 0 0
283 22199030 1 1 9346960 0 0 2336740 0 0
285 5841850 0 0 2336740 0 0 0 0 0
286 4673480 0 0 1168370 0 0 1168370 0 0
289 22199030 1 1 9346960 0 0 2336740 0 0
291 5841850 0 0 4673480 0 0 0 0 0
fn=equal_data
213 653401 1 1 0 0 0 466715 0 0
214 873264 0 0 436632 0 0 0 0 0
215 57210 0 0 0 0 0 0 0 0
217 64738 1 1 0 0 0 0 0 0
218 186686 0 0 186686 0 0 0 0 0
fn=hashfunction
199 60000 1 1 0 0 0 30000 0 0
200 10000 0 0 10000 0 0 0 0 0
201 20000 0 0 20000 0 0 0 0 0
fn=insert_in_slice
228 900000 1 1 0 0 0 600000 0 0
230 150000 0 0 0 0 0 150000 0 0
232 12015330 2 2 5273480 23070 0 0 0 0
233 7010220 0 0 2336740 0 0 2336740 0 0
234 12852070 0 0 5841850 0 0 2336740 22030 0
235 7010220 0 0 2336740 0 0 2336740 0 0
237 1200000 1 1 600000 0 0 150000 0 0
238 300000 0 0 300000 0 0 0 0 0
fn=main
22 6 1 1 0 0 0 4 0 0
24 2 0 0 0 0 0 2 0 0
26 2 0 0 1 0 0 0 0 0
34 9 1 1 3 0 0 2 1 0
42 6 1 1 2 0 0 2 0 0
43 6 1 1 1 0 0 1 0 0
46 13 1 1 7 0 0 1 0 0
47 33 0 0 9 0 0 6 1 0
55 5 0 0 1 0 0 2 1 0
56 130014 1 1 10001 0 0 10001 0 0
57 60000 0 0 30000 0 0 10000 0 0
60 3 1 1 1 0 0 1 0 0
66 1 0 0 0 0 0 1 0 0
67 1 0 0 0 0 0 1 0 0
70 4005 1 1 3002 0 0 1 0 0
72 13000 1 1 7000 0 0 1000 0 0
73 24000 0 0 12000 999 0 3000 0 0
79 13000 1 1 7000 0 0 1000 0 0
80 15000 0 0 3000 0 0 6000 1000 0
82 1000 0 0 0 0 0 1000 0 0
83 756000 1 1 452000 2 0 1000 0 0
85 600000 1 1 0 0 0 450000 2 0
89 600000 0 0 300000 0 0 0 0 0
90 1000 0 0 0 0 0 1000 0 0
93 1785000 0 0 744000 0 0 0 0 0
94 1029000 0 0 441000 0 0 147000 0 0
95 12015330 3 3 5273480 1143 0 0 0 0
96 1168370 0 0 0 0 0 1168370 0 0
97 7010220 1 1 2336740 0 0 2336740 0 0
98 7010220 0 0 1168370 0 0 1168370 0 0
100 3511134 0 0 1170378 0 0 0 0 0
101 14056 0 0 4016 0 0 4016 0 0
103 3499086 0 0 1166362 0 0 1166362 0 0
107 1200000 0 0 600000 0 0 150000 0 0
108 150000 1 1 0 0 0 150000 0 0
110 1338000 0 0 595000 0 0 0 0 0
111 2940000 0 0 1176000 3990 0 294000 0 0
112 147000 0 0 0 0 0 147000 0 0
114 750000 1 1 300000 0 0 0 0 0
115 20000 1 1 8000 2 0 2000 0 0
116 10000 1 1 6000 0 0 2000 0 0
117 12000 0 0 6000 0 0 2000 0 0
118 1000 0 0 0 0 0 1000 0 0
119 1000 0 0 0 0 0 1000 0 0
120 1000 0 0 0 0 0 1000 0 0
134 300000 1 1 150000 0 0 0 0 0
135 2000 0 0 1000 0 0 1000 0 0
136 7000 0 0 2000 0 0 2000 1 0
137 2000 1 1 1000 0 0 1000 2 0
138 1000 0 0 0 0 0 1000 0 0
140 300000 0 0 150000 0 0 0 0 0
141 2000 0 0 1000 0 0 1000 0 0
142 7000 0 0 2000 0 0 2000 0 0
143 2000 0 0 1000 0 0 1000 0 0
144 1000 0 0 0 0 0 1000 0 0
148 300000 1 1 150000 0 0 150000 0 0
149 300000 0 0 150000 21145 0 150000 0 0
150 750000 0 0 300000 1 0 0 0 0
151 3000 0 0 1000 0 0 1000 0 0
152 745000 1 1 298000 0 0 0 0 0
153 3000 0 0 1000 0 0 1000 0 0
155 444000 0 0 0 0 0 296000 0 0
158 300000 0 0 150000 0 0 150000 0 0
159 300000 0 0 150000 0 0 150000 0 0
160 300000 1 1 150000 0 0 150000 0 0
161 750000 0 0 300000 0 0 0 0 0
162 2000 0 0 1000 0 0 1000 0 0
163 4000 0 0 1000 0 0 1000 0 0
164 745000 1 1 298000 0 0 0 0 0
165 2000 0 0 1000 0 0 1000 0 0
166 4000 0 0 1000 0 0 1000 0 0
168 296000 0 0 148000 0 0 148000 0 0
169 444000 0 0 148000 0 0 148000 0 0
173 150000 0 0 150000 0 0 0 0 0
177 13000 0 0 7000 0 0 1000 0 0
178 15000 0 0 6000 0 0 3000 0 0
181 13 1 1 7 0 0 1 0 0
182 15 0 0 6 0 0 3 0 0
184 3 0 0 1 1 0 1 0 0
185 3 0 0 1 1 0 1 0 0
186 3 0 0 1 1 0 1 0 0
189 2 0 0 0 0 0 1 0 0
fn=mindex
224 32714360 0 0 0 0 0 24535770 0 0
225 40892950 0 0 24535770 1 0 0 0 0
226 16357180 0 0 16357180 0 0 0 0 0
fn=print_data
220 8008 0 0 0 0 0 3432 0 0
221 8008 0 0 3432 0 0 1144 0 0
222 2288 0 0 2288 0 0 0 0 0
fn=slice_clean
240 604000 0 0 0 0 0 302000 0 0
241 1208000 0 0 453000 0 0 151000 0 0
242 302000 0 0 302000 0 0 0 0 0
fn=sort
310 19340 0 0 0 0 0 11604 10 0
311 3868 0 0 0 0 0 3868 0 0
313 7736 0 0 3868 0 0 0 0 0
314 932 0 0 466 0 0 0 0 0
315 6804 0 0 3402 0 0 0 0 0
316 1156 0 0 578 0 0 0 0 0
319 16944 1 1 11296 0 0 0 0 0
322 16944 1 1 11296 0 0 0 0 0
326 16944 1 1 11296 0 0 0 0 0
327 2824 0 0 1412 0 0 1412 0 0
328 12708 0 0 5648 0 0 2824 4 0
329 8472 1 1 5648 0 0 0 0 0
330 2608 0 0 1304 0 0 1304 0 0
331 11736 0 0 5216 0 0 2608 1 0
333 648 1 1 432 0 0 0 0 0
334 94 0 0 47 0 0 47 0 0
335 423 0 0 188 0 0 94 0 0
336 366 0 0 244 0 0 0 0 0
337 122 0 0 61 0 0 61 0 0
338 488 0 0 244 0 0 122 0 0
342 2824 0 0 2824 0 0 0 0 0
343 7736 1 1 7736 0 0 0 0 0
fl=???
fn=???
0 2558620 30 19 2558500 5924 0 49 1 1
fn=__libc_csu_init
0 34 3 3 8 1 0 8 0 0
fn=_dl_debug_initialize
0 4 1 1 3 0 0 0 0 0
fn=get_index
0 190000 0 0 70000 0 0 60000 0 0
fn=hash_create
0 1992 5 5 916 0 0 312 18 18
fn=hash_first
0 35051100 1 1 11683700 0 0 9346960 1008 0
fn=hash_free
0 1971 1 1 1059 19 0 156 0 0
fn=hash_insert
0 450000 3 3 180000 0 0 90000 0 0
fn=hash_print
0 2113 1 1 1205 19 0 153 0 0
fn=hash_sort
0 1814 1 1 906 1 0 154 0 0
fn=list_append
0 31098886 3 3 11961110 0 0 11961110 5708 0
fn=list_first
0 46734800 1 1 25704140 1638878 0 11683700 0 0
fn=list_free
0 12940 0 0 6170 782 0 3732 0 0
fn=list_init
0 1505750 1 1 602300 0 0 301150 0 0
fn=list_print
0 18960 2 2 9752 850 0 5026 0 0
fn=list_push
0 14044536 0 0 7022268 0 0 5851890 0 0
fn=list_remove
0 2083400 4 4 1023118 6710 0 404429 10 0
fn=list_sort
0 53206 1 1 19742 101 0 11934 0 0
fn=list_split
0 52217 3 3 28296 826 0 13771 1 0
fn=lists_concatenate
0 2262040 2 2 907024 506 0 901000 0 0
fn=memcpy@GLIBC_2.2.5
0 12 1 1 4 0 0 0 0 0
summary: 1397994633 1224 1205 388728099 5207883 2029 410136081 51374807 7280
